11
36
0
35
7
15
5
15
18
27
28
14
27
35
4
4
25
15
7
5
34
3
17
24
0
0
6
19
20
19
4
26
28
23
14
11
28
22
4
15
14
6
15
18
17
23
17
3
2
35
16
3
3
1
32
33
30
27
18
18
22
35
31
6
11
23
9
22
11
26
31
8
4
35
22
34
34
25
17
29
2
14
14
9
21
0
28
20
22
21
18
24
6
7
31
32
1
10
6
35
30
21
31
11
34
28
21
10
16
12
10
33
2
29
11
0
33
13
9
24
21
33
28
5
33
35
22
9
36
32
32
14
5
2
18
16
24
29
12
5
29
12
1
21
15
11
23
31
2
5
15
17
18
31
20
36
1
31
34
27
26
6
2
26
19
8
2
31
34
26
8
34
0
31
1
36
11
34
8
18
16
1
35
2
9
9
35
31
16
19
18
23
23
23
9
11
0
9
4
19
32
33
36
4
3
15
35
28
19
34
18
16
11
36
21
23
6
30
20
2
21
36
25
29
10
27
4
9
4
32
14
6
5
5
3
36
23
6
3
34
10
25
9
16
0
27
18
9
28
10
17
9
16
11
22
14
28
1
21
24
18
30
23
30
21
26
12
27
0
26
12
14
6
6
26
27
7
22
6
16
34
10
3
36
11
35
5
10
13
34
35
22
2
33
9
29
3
19
22
12
26
24
29
31
33
1
0
1
14
27
7
3
25
13
20
35
5
27
19
13
26
12
9
27
26
16
33
12
10
16
4
1
21
1
17
25
11
35
28
2
34
25
5
29
34
25
25
10
33
17
6
12
28
26
1
22
7
6
28
34
12
15
31
34
19
30
20
18
5
27
27
6
7
24
6
17
34
36
18
9
34
11
30
0
26
11
20
31
23
19
13
23
34
3
8
0
33
22
13
20
21
11
28
13
31
14
28
28
3
10
15
2
27
33
5
27
31
2
13
12
0
11
4
3
28
12
6
16
7
17
15
30
8
5
28
12
26
25
23
6
12
35
1
25
0
5
35
3
14
17
10
14
25
34
28
10
0
7
15
26
35
25
17
2
16
11
14
8
3
33
33
36
4
3
3
0
34
7
5
31
32
9
33
28
34
32
36
25
4
6
23
10
21
23
27
28
5
14
5
0
