1
1
0
0
6
31
26
17
35
15
23
28
10
21
20
1
31
26
34
20
33
5
16
24
18
21
9
3
10
27
32
27
17
22
17
27
31
25
21
7
7
31
6
26
7
3
11
12
7
4
12
2
3
6
9
28
8
33
9
0
1
12
33
4
1
24
11
4
34
32
35
17
6
23
1
22
3
26
11
22
15
4
6
10
18
25
21
20
26
8
0
8
27
22
14
0
22
0
0
34
14
36
9
17
1
4
24
36
11
1
2
12
18
13
23
13
13
6
0
18
0
7
18
0
10
8
7
7
10
27
6
15
32
3
24
25
18
25
10
9
6
33
34
27
18
16
13
12
13
29
29
14
3
1
4
33
32
6
5
31
16
7
13
11
30
35
33
22
0
6
31
31
33
18
12
28
0
34
18
36
0
9
35
13
17
12
10
29
20
14
7
35
18
1
4
13
24
17
18
18
15
26
20
31
26
6
14
32
1
18
16
11
30
17
16
28
21
35
35
5
36
6
34
31
29
8
14
8
17
11
13
9
13
27
1
11
28
9
1
21
21
27
12
25
27
3
7
31
31
15
23
6
0
14
26
33
28
29
21
30
8
3
22
28
3
35
2
18
23
8
24
3
7
8
20
0
0
33
27
13
34
18
0
36
8
15
7
19
34
15
23
26
7
19
9
11
17
30
8
22
20
14
4
22
33
6
21
22
24
19
16
25
34
10
33
17
3
7
11
15
24
35
0
7
10
8
11
4
13
25
4
17
5
34
34
27
13
24
19
3
32
0
9
28
3
1
26
27
14
16
32
28
9
31
32
12
19
12
17
33
3
19
15
7
29
34
34
15
9
29
33
34
36
15
12
22
18
16
8
13
22
31
30
7
23
2
29
36
30
21
19
21
12
18
6
33
9
36
15
13
6
5
11
19
21
17
21
36
7
16
22
2
30
35
19
26
10
35
21
17
22
7
2
24
25
15
32
6
17
14
34
17
23
12
0
32
19
10
35
12
2
25
12
1
3
21
19
32
12
9
34
5
33
26
9
14
25
29
19
10
4
35
23
33
13
36
7
5
15
16
1
10
30
20
10
16
21
1
4
33
26
8
23
11
25
11
21
6
5
24
14
36
2
12
16
0
26
3
21
34
