32
30
31
0
34
9
12
3
14
15
29
23
8
11
10
20
32
18
16
23
28
31
4
34
34
0
10
23
33
15
30
21
26
14
24
6
17
33
24
1
0
24
9
35
8
27
12
18
27
21
4
21
13
16
19
2
28
20
29
32
27
32
10
0
4
22
7
34
19
22
22
12
10
32
17
32
7
1
6
25
31
24
31
11
14
24
15
29
28
3
25
22
11
24
21
21
14
22
32
4
31
24
20
19
20
11
0
9
9
5
36
13
6
30
8
14
16
13
31
1
35
27
23
33
35
8
9
13
26
14
29
23
11
8
7
1
4
10
3
33
10
11
1
18
22
1
2
21
17
27
19
25
8
5
31
34
14
21
8
26
13
10
29
13
28
7
17
6
8
35
0
33
24
15
9
29
22
1
7
10
0
34
18
24
19
4
22
23
16
29
30
13
21
23
23
10
15
14
14
33
4
28
27
29
3
15
15
2
4
16
7
25
7
17
33
17
19
0
8
0
21
29
36
27
2
14
15
0
11
16
31
22
22
26
3
26
22
8
25
12
32
21
31
8
4
29
18
35
11
20
26
4
8
31
15
27
18
11
15
8
9
31
19
6
23
30
21
33
3
22
4
21
24
21
16
28
7
30
25
26
31
34
21
4
33
25
33
0
15
21
16
23
27
30
12
3
35
22
30
0
17
36
2
23
5
4
25
13
19
8
24
13
23
28
11
18
23
34
3
12
26
29
16
35
4
36
20
35
33
20
15
9
19
34
32
24
16
14
3
3
14
6
5
32
35
7
22
16
33
0
27
21
26
21
30
26
16
22
21
19
35
4
16
27
20
35
28
12
33
17
0
34
30
32
31
11
34
16
20
12
29
7
17
5
21
10
15
0
17
28
5
2
16
24
5
22
25
10
28
15
11
5
14
5
2
25
6
31
8
18
8
36
0
7
2
32
6
4
28
13
16
8
31
29
35
5
8
0
3
34
25
34
13
19
1
6
13
10
20
3
9
24
26
23
5
35
23
21
0
13
1
9
35
30
12
15
31
11
33
16
4
9
35
15
8
13
35
9
18
21
20
28
9
23
11
10
19
36
21
5
14
29
14
4
9
17
1
34
12
29
23
24
29
23
1
19
5
13
10
5
