34
6
19
5
34
30
20
12
36
21
3
29
1
17
29
6
7
31
22
19
3
3
20
30
13
7
11
35
2
15
20
36
21
32
32
4
18
20
20
3
3
27
23
16
2
35
23
23
32
7
35
3
27
34
9
31
27
16
35
30
2
13
0
10
3
36
23
23
15
7
35
13
5
5
21
7
35
6
1
5
15
20
19
28
10
8
8
32
20
7
1
7
16
11
11
25
34
30
10
32
18
27
16
4
32
18
33
4
23
26
10
1
10
34
24
21
14
8
35
13
25
3
15
13
21
25
17
24
21
31
30
29
29
2
18
27
28
3
12
14
6
34
21
17
4
16
18
7
33
19
2
19
34
35
21
34
16
17
20
7
22
27
6
21
21
7
25
13
26
16
33
8
16
23
29
14
9
20
10
6
25
27
17
15
2
34
7
14
6
29
25
5
10
32
29
10
22
1
2
1
5
9
7
1
7
28
1
10
12
7
29
27
30
2
24
17
21
15
22
29
17
20
10
36
3
10
23
13
8
34
8
36
15
6
29
8
2
23
11
16
25
9
8
27
7
14
35
1
29
26
12
31
33
21
9
28
7
23
30
5
5
22
14
3
19
11
23
11
2
35
16
34
24
3
6
29
27
29
36
24
11
18
7
35
27
28
35
30
14
2
34
13
21
0
1
1
6
20
0
35
9
20
4
0
17
22
25
11
24
34
7
29
0
19
3
30
34
16
20
18
0
24
20
16
6
34
5
36
31
30
6
31
36
22
28
5
24
16
9
9
31
2
30
27
2
32
14
11
5
6
3
25
27
29
14
2
11
34
18
26
35
10
15
22
32
29
27
26
28
15
6
22
22
23
24
15
22
19
36
34
27
0
10
1
35
1
0
12
5
30
17
6
17
3
29
12
26
10
32
22
32
6
28
6
16
5
34
15
4
11
20
24
35
31
13
25
32
33
14
10
22
20
30
13
11
34
8
16
12
36
19
4
27
0
34
14
31
30
2
2
1
21
13
12
31
17
9
22
29
29
22
32
2
34
2
19
17
28
7
24
35
21
5
21
24
27
13
15
10
1
31
22
1
36
3
1
1
22
27
0
28
27
19
9
1
27
31
24
8
4
22
29
26
14
1
18
22
21
17
24
