13
5
33
21
5
8
17
35
34
7
13
14
22
13
36
24
2
22
6
33
11
4
15
6
14
13
22
11
6
27
13
0
33
15
25
8
3
15
1
8
8
0
5
4
9
14
33
34
8
35
34
14
4
12
32
29
18
16
34
15
7
12
15
19
28
35
33
27
5
9
33
10
8
9
14
28
21
31
29
10
20
7
25
35
3
12
23
35
17
31
28
11
28
6
12
13
19
28
25
36
0
36
24
20
28
11
13
18
31
11
14
8
14
11
14
3
32
30
22
10
8
0
29
15
14
11
21
8
33
24
17
31
31
24
31
32
22
12
32
17
11
19
33
36
31
22
29
8
25
36
16
0
4
22
31
16
16
31
26
12
22
28
30
3
29
20
31
32
19
31
5
5
11
36
3
25
17
8
28
3
8
33
6
2
14
5
11
34
17
32
4
28
3
24
12
23
16
0
32
25
29
5
21
28
17
27
20
14
28
36
33
22
3
8
5
20
0
16
23
3
30
12
31
12
13
16
22
17
6
4
14
34
16
7
19
35
23
23
3
34
34
35
11
26
11
22
11
7
20
26
33
10
0
8
33
12
13
31
34
22
12
17
19
36
28
30
27
19
29
16
29
36
21
0
2
18
18
36
27
0
21
26
14
23
16
26
19
19
23
35
30
30
4
28
17
21
6
36
21
33
25
19
25
11
9
4
24
30
22
25
11
25
13
11
24
19
3
14
8
31
31
19
11
34
36
3
19
23
32
13
5
30
8
20
4
20
18
28
28
4
21
24
16
27
6
15
0
9
6
26
4
26
28
5
33
1
21
3
31
15
7
4
1
9
1
14
11
8
12
34
2
24
32
8
12
23
32
25
13
16
3
21
27
20
32
26
2
31
4
31
25
29
9
20
0
30
11
0
2
31
13
32
8
17
10
24
34
29
27
25
25
13
22
25
8
21
27
23
29
13
10
9
36
31
32
9
1
21
29
13
18
31
8
12
34
7
26
29
0
30
35
36
9
19
31
21
22
8
13
15
12
15
33
32
36
27
4
13
23
23
1
35
22
4
12
36
17
17
16
6
7
8
33
16
9
18
31
32
28
16
36
26
26
26
17
29
8
12
22
5
20
26
27
35
12
11
25
24
22
9
