34
6
34
31
25
24
2
30
30
12
10
9
3
30
21
15
18
23
33
1
12
33
21
17
0
18
1
32
31
1
17
22
30
10
0
25
1
3
2
1
8
25
36
0
8
22
31
30
7
13
17
10
36
3
6
32
14
26
10
0
4
27
5
29
36
20
35
15
21
25
23
18
13
27
14
22
17
33
6
10
20
3
19
31
15
21
4
11
6
14
30
0
33
22
17
20
14
24
29
8
5
23
6
15
10
20
2
35
29
16
29
8
0
14
26
18
6
28
29
21
36
34
28
27
6
16
0
6
4
28
27
1
15
15
5
15
28
11
18
20
1
36
12
26
36
32
17
34
18
12
18
1
7
22
28
30
31
8
28
36
30
21
34
16
27
33
2
29
20
4
15
27
23
7
19
8
25
9
11
8
29
14
23
25
30
35
3
16
10
27
23
29
17
29
7
28
16
11
2
33
19
0
2
10
3
30
20
30
22
5
2
36
34
4
3
21
11
15
35
2
22
4
1
1
27
17
22
19
36
34
24
15
13
30
15
22
10
31
26
9
33
30
23
20
1
20
35
23
22
22
34
2
11
14
36
6
20
20
20
33
30
10
5
6
1
16
36
6
12
31
9
0
10
30
26
11
5
25
30
13
21
5
29
30
33
25
22
36
32
7
17
18
10
19
15
8
35
0
32
21
2
18
23
16
25
30
36
17
29
35
3
11
15
31
29
13
28
29
12
26
30
4
22
14
31
28
2
29
19
10
36
0
5
5
8
22
30
24
22
4
27
2
20
34
23
14
21
15
23
3
32
24
30
9
21
28
24
24
8
9
28
4
25
36
34
9
4
23
22
28
11
14
13
33
23
26
21
23
26
12
30
7
5
28
27
5
13
18
24
24
1
24
29
35
23
2
4
31
8
21
3
4
8
6
30
14
11
6
5
15
24
13
34
34
30
36
6
36
23
7
28
17
0
20
3
27
33
21
20
18
25
11
12
29
36
29
33
16
32
17
15
29
25
22
14
25
8
24
12
20
4
5
32
18
34
19
13
36
8
13
29
3
19
3
25
8
31
8
11
36
13
10
21
13
32
9
16
25
20
21
28
20
20
14
17
23
33
11
15
6
0
20
32
18
10
19
0
28
2
18
