31
21
21
19
3
25
26
24
3
9
18
1
36
28
31
18
36
22
23
34
18
16
9
4
20
31
26
27
0
31
11
15
30
35
35
13
32
6
14
16
16
31
33
2
29
10
1
6
8
7
9
14
12
13
20
9
36
2
26
36
20
10
9
20
6
19
29
3
10
35
3
3
5
36
30
23
8
28
27
16
23
28
5
23
25
35
3
0
28
10
26
5
36
6
26
0
36
17
33
32
28
25
18
30
15
6
22
23
21
27
31
11
19
8
10
16
24
11
15
21
26
3
10
23
7
11
7
27
23
13
29
30
31
18
24
1
35
31
12
3
10
11
30
19
25
11
20
20
23
0
29
16
7
1
18
15
18
35
27
14
4
24
27
16
17
2
30
11
1
0
32
2
8
25
13
24
11
33
30
32
28
4
36
26
18
25
11
15
26
35
28
22
7
21
29
18
4
11
34
2
24
22
17
21
6
9
0
7
14
21
11
32
1
21
36
36
22
26
28
12
25
1
14
11
10
14
35
17
23
21
2
9
35
30
14
33
20
2
18
9
36
25
8
17
18
7
6
28
23
25
9
21
16
14
18
9
22
10
0
18
7
11
12
26
9
19
17
17
24
19
15
11
19
12
30
3
9
16
8
32
25
34
28
26
35
23
15
26
35
18
16
32
19
6
32
21
32
7
33
1
15
6
23
33
35
21
12
17
24
27
8
20
3
0
9
23
34
5
27
36
18
29
33
5
1
31
36
13
21
8
8
26
9
7
15
15
4
30
34
32
30
29
17
29
25
10
12
30
5
5
21
0
6
4
0
30
6
0
18
25
21
13
1
0
10
14
1
6
31
3
14
0
16
24
6
34
26
22
5
19
34
16
36
19
21
33
15
18
3
10
23
32
32
13
28
7
34
23
21
25
28
22
28
35
14
29
16
30
0
20
14
10
5
26
33
3
27
17
18
27
13
33
14
0
10
8
13
13
16
2
5
1
9
31
19
7
10
15
5
8
16
5
2
5
1
9
12
11
25
21
36
34
24
7
22
12
6
32
18
9
5
18
33
20
17
24
12
2
17
13
29
31
22
16
27
27
22
4
26
18
2
24
30
17
27
22
28
7
27
16
24
28
3
2
0
12
23
31
28
2
