3
9
21
6
26
3
9
10
28
28
0
10
16
13
20
29
9
15
20
34
29
30
34
30
12
7
14
35
27
31
32
34
36
16
33
30
16
21
5
3
19
4
7
2
7
36
14
25
36
6
15
15
36
7
7
11
33
29
19
1
6
9
33
17
4
5
26
34
36
26
20
32
3
7
3
17
29
30
26
8
3
27
5
4
3
28
22
36
4
29
2
26
7
17
16
25
11
3
27
34
0
20
9
5
13
35
31
10
15
9
17
25
29
32
18
13
16
2
25
20
24
12
19
17
25
34
19
1
10
5
3
7
32
7
31
14
4
31
34
16
20
35
31
9
0
4
22
34
9
5
23
36
5
14
21
23
20
3
12
28
21
34
12
12
3
14
16
10
29
9
12
1
29
33
31
32
3
1
24
10
34
19
23
26
3
20
18
26
36
0
10
22
5
4
8
15
1
34
29
35
28
24
8
14
23
26
17
31
2
25
33
23
16
9
27
26
6
1
5
28
9
6
21
11
23
22
23
33
19
25
3
15
34
1
23
6
6
10
3
10
3
20
16
4
13
7
23
23
33
12
20
34
4
34
13
11
23
5
29
15
35
12
1
25
11
16
36
6
36
24
14
15
30
0
31
12
5
20
16
1
35
33
7
33
23
1
14
26
18
18
21
28
30
27
9
10
31
33
8
8
14
9
0
1
36
17
8
13
22
31
14
4
35
3
24
33
15
21
23
5
33
13
22
21
36
1
7
23
2
20
10
34
23
21
11
19
14
5
18
25
26
14
31
27
35
19
14
31
16
34
27
20
14
3
32
16
3
5
8
3
15
3
13
3
14
34
35
7
0
32
24
0
23
23
16
36
0
7
24
25
31
26
28
13
15
1
32
12
0
24
23
29
28
36
35
17
3
26
2
26
6
28
2
16
24
32
29
0
32
1
28
11
11
5
11
27
21
10
30
4
18
23
11
8
19
25
9
9
2
21
2
27
24
31
8
7
8
24
33
33
25
6
15
6
19
21
18
9
0
18
12
31
28
16
31
10
28
6
5
34
20
21
11
17
6
19
28
17
7
0
22
36
0
0
28
15
3
22
33
21
13
11
13
30
1
21
3
4
26
6
2
19
33
0
32
21
13
23
21
1
