23
6
26
2
15
33
4
8
12
12
17
6
8
1
19
17
34
30
12
8
12
35
36
3
20
34
16
2
5
31
19
9
17
25
35
23
35
23
24
22
12
4
15
35
8
19
11
31
34
14
13
16
20
9
3
0
21
11
19
15
13
0
14
32
1
9
11
8
36
16
8
27
31
8
13
12
18
8
12
26
24
6
11
34
11
30
1
22
34
13
15
18
33
23
27
22
7
8
35
35
36
9
34
26
33
1
17
29
6
9
7
11
27
12
26
17
3
25
5
21
4
26
2
28
2
14
10
15
12
20
26
1
22
4
33
29
0
6
3
35
6
24
17
15
28
18
25
4
4
5
23
19
30
31
16
35
20
20
0
23
14
29
35
16
23
2
0
0
7
21
13
21
11
21
36
11
28
27
17
10
20
26
0
33
15
32
10
8
13
10
25
20
16
14
26
22
16
0
27
36
32
4
3
9
25
24
3
36
26
25
24
20
2
8
30
30
16
6
18
36
4
23
22
18
8
22
9
13
36
4
27
16
11
20
16
8
21
1
6
33
8
6
18
25
35
2
28
20
22
32
6
10
10
34
24
21
24
30
5
19
28
24
18
36
25
6
28
19
35
15
14
26
23
30
0
29
11
36
12
30
9
4
1
35
27
28
30
25
27
20
10
4
20
2
24
3
26
25
19
1
31
7
35
16
28
23
5
32
3
27
21
21
31
18
21
3
26
34
18
15
35
23
25
27
8
26
34
18
14
15
35
6
18
25
27
16
7
1
5
16
31
18
21
19
29
3
0
30
16
36
1
1
24
18
36
20
14
19
9
24
6
16
32
2
7
11
29
8
9
11
20
35
5
10
22
17
20
30
31
5
9
0
4
6
4
26
23
18
27
31
18
6
8
6
32
7
24
28
29
5
5
32
32
27
32
23
28
0
15
28
6
32
6
8
5
21
10
18
20
8
7
2
25
30
18
33
0
2
27
21
17
10
6
14
2
22
30
29
7
0
12
32
30
28
18
21
30
4
23
36
34
6
18
21
19
0
17
26
29
26
27
29
31
23
9
30
25
5
9
21
23
24
35
11
11
11
9
3
8
21
23
3
7
21
1
19
3
2
7
15
7
33
3
34
18
3
34
18
28
25
