15
22
36
13
17
0
31
9
16
15
18
18
10
34
17
8
33
13
15
7
10
33
2
0
10
0
12
14
32
34
9
19
15
19
28
8
28
8
0
20
7
14
28
20
16
4
27
19
32
13
5
1
4
21
7
1
12
2
8
27
33
16
26
13
20
33
31
25
8
21
15
1
21
15
24
24
3
31
14
24
33
21
14
4
24
28
13
27
10
26
18
23
25
10
9
7
31
11
10
31
19
22
7
26
25
22
2
11
17
8
21
16
26
30
31
10
0
0
26
24
14
20
6
24
0
31
9
16
25
30
19
36
1
14
26
35
30
18
26
21
8
10
25
10
7
22
6
25
3
34
13
24
4
33
0
36
14
11
26
5
23
15
27
13
13
25
31
31
31
8
5
20
12
23
18
33
30
30
10
34
27
31
2
25
8
19
12
32
33
17
13
6
32
19
12
35
18
19
31
35
27
16
20
5
25
25
33
14
22
30
25
23
22
29
19
31
1
13
30
20
34
11
11
33
20
20
3
15
30
10
27
0
23
22
21
20
33
16
29
24
28
10
3
13
20
18
28
19
34
27
33
7
31
12
6
11
23
24
16
10
23
29
16
25
16
32
10
12
23
13
30
34
17
22
18
11
2
7
8
15
34
6
35
35
17
19
20
28
16
30
36
2
28
11
7
5
1
11
9
21
33
17
13
7
9
21
25
29
16
12
13
16
20
0
27
6
6
21
23
19
21
33
18
7
19
36
30
15
22
28
0
3
1
12
36
33
8
18
6
25
36
22
23
5
19
34
30
7
17
9
6
16
4
31
15
29
2
16
10
16
21
8
4
15
11
18
36
10
36
7
20
15
17
15
7
12
13
36
32
29
9
9
1
6
32
23
35
21
33
14
5
12
19
10
9
10
15
27
9
33
21
5
5
14
36
0
3
10
26
34
6
33
3
32
28
36
17
3
1
17
27
12
32
23
16
22
6
32
35
32
8
34
32
24
23
18
29
27
12
5
35
28
29
14
26
26
22
24
2
24
31
30
3
10
36
7
26
17
32
35
31
16
15
4
20
7
3
6
9
19
0
22
27
26
1
23
30
24
9
35
4
6
28
15
20
14
24
17
20
1
16
35
28
13
1
32
21
11
14
25
