2
5
6
34
28
31
34
1
15
14
31
12
12
4
13
8
22
26
36
16
24
29
11
30
31
5
28
34
3
18
8
21
23
18
29
35
0
25
36
8
34
18
17
21
17
18
8
33
34
6
23
11
18
3
17
29
28
9
10
19
25
10
35
4
23
16
3
3
12
0
36
27
24
33
15
32
19
13
7
5
28
14
31
10
19
32
11
18
11
8
34
19
31
23
17
24
22
16
23
27
27
26
17
11
20
33
33
25
31
14
15
35
13
9
19
16
5
25
24
30
8
30
26
34
12
0
8
27
15
24
0
29
0
23
12
29
1
11
18
6
4
22
26
5
1
15
27
2
12
34
4
36
15
6
2
21
24
34
15
33
33
35
33
19
36
32
16
34
29
21
24
6
10
31
34
2
23
28
16
26
21
30
9
10
27
35
31
35
17
22
8
21
31
1
34
11
8
10
0
3
33
17
11
5
22
30
9
14
34
24
13
14
21
6
14
2
22
11
19
28
7
30
17
16
26
8
33
12
9
6
3
34
21
29
3
7
7
13
13
10
7
4
27
34
17
13
7
8
23
10
8
10
19
16
10
9
17
15
24
28
31
5
33
30
7
21
0
27
21
9
0
25
35
20
24
34
32
24
31
31
20
17
26
4
23
2
11
15
2
7
0
14
7
2
30
5
31
24
7
36
13
1
4
18
7
5
1
29
18
12
7
9
6
5
0
24
2
12
11
25
7
10
14
3
31
2
28
1
5
26
35
7
2
7
5
7
20
26
3
17
26
21
32
5
26
18
15
22
33
28
4
26
31
25
19
10
21
8
0
1
12
4
2
34
19
6
20
5
27
5
2
8
15
24
32
19
28
23
35
12
1
29
34
1
3
4
32
12
20
31
9
8
31
32
16
33
3
25
19
26
2
21
10
9
14
10
4
4
10
26
25
29
17
13
3
28
25
27
13
13
33
11
34
20
27
10
28
36
10
32
1
32
12
0
2
29
12
19
22
7
28
27
2
25
36
36
2
25
8
11
31
12
15
13
23
34
33
3
13
6
29
12
11
3
3
32
15
33
34
31
24
20
24
11
16
34
34
29
30
35
0
22
2
29
27
10
36
22
6
33
22
16
5
16
1
31
34
21
15
14
