26
6
3
34
4
35
2
26
16
26
18
23
32
1
29
7
14
18
29
29
33
35
18
19
4
12
10
16
34
29
18
4
31
10
33
29
4
4
7
10
21
19
5
18
31
4
17
21
2
11
20
5
29
13
22
30
23
16
20
15
32
5
25
33
27
21
7
14
4
13
15
11
6
26
5
16
22
27
12
10
14
15
27
29
23
13
10
28
28
35
4
21
25
0
22
16
24
31
24
10
26
20
7
16
0
23
30
14
13
15
7
25
13
10
24
24
23
22
28
24
18
28
27
27
11
35
31
22
22
12
16
14
25
10
28
26
7
14
8
8
19
2
14
15
5
9
6
14
22
2
34
23
23
3
13
15
12
31
33
31
5
0
8
24
36
9
6
8
9
29
27
4
21
29
22
11
9
5
36
3
9
11
17
19
2
5
29
16
14
8
25
26
23
32
34
20
0
7
8
24
21
36
8
8
27
21
30
9
9
12
36
4
15
26
30
16
13
9
20
8
11
11
9
14
25
5
31
24
20
0
27
4
34
35
4
11
10
22
18
13
23
27
11
10
23
17
35
12
33
25
6
19
10
27
7
17
2
12
10
16
4
33
17
4
16
9
26
4
7
18
12
0
1
36
17
34
21
20
8
10
15
5
2
30
21
33
19
6
13
18
30
14
33
19
34
5
27
33
29
11
7
6
11
4
13
29
15
35
27
36
30
26
8
15
30
35
19
21
10
3
4
2
24
3
15
4
1
33
8
26
18
9
24
12
11
22
36
2
34
33
36
10
32
3
30
2
32
0
17
34
33
32
14
10
8
29
29
24
6
0
3
9
32
20
6
23
20
28
24
5
26
30
26
15
23
27
23
32
7
26
26
10
11
2
27
16
3
36
16
24
27
20
8
10
2
5
29
18
1
8
13
2
32
2
25
18
2
30
12
27
27
6
35
4
16
3
7
28
6
1
32
32
30
3
34
5
6
16
35
13
15
31
30
21
1
28
24
27
18
1
7
22
27
6
5
7
8
32
14
36
14
29
9
8
36
14
15
25
11
19
22
28
3
32
24
35
2
24
34
34
34
36
12
13
13
22
22
3
21
4
25
32
29
19
24
27
15
32
10
1
4
30
1
5
22
29
23
19
34
18
