4
23
2
21
23
13
4
23
34
33
0
7
34
18
4
31
8
2
15
7
27
30
34
21
8
14
36
6
34
31
13
21
31
6
8
29
12
17
7
29
13
14
24
31
25
14
33
15
28
25
10
17
4
15
20
30
0
4
2
8
36
3
15
11
29
28
19
34
0
22
1
30
20
11
31
26
36
10
22
29
30
34
33
4
18
22
25
29
20
11
5
36
29
10
35
12
35
16
4
20
21
21
12
1
30
26
15
30
20
15
21
1
12
2
21
22
18
29
23
3
26
13
0
8
32
19
10
34
18
8
36
0
2
16
21
32
22
25
27
7
1
28
1
13
15
26
16
3
35
10
18
34
9
34
11
27
35
34
33
32
0
17
20
0
3
9
10
22
3
14
27
16
29
12
14
13
23
1
34
14
3
31
15
1
24
20
18
23
32
30
35
16
7
31
5
0
23
29
31
13
26
6
22
22
0
35
33
22
29
20
21
4
16
19
27
0
2
5
13
22
17
13
35
5
21
6
30
13
33
35
26
20
14
4
35
8
9
24
23
19
18
18
27
26
24
1
18
29
17
25
7
33
8
18
10
2
22
35
2
13
10
16
17
15
12
12
10
22
30
13
35
12
10
28
33
32
31
12
19
30
21
36
34
3
25
20
28
10
18
22
29
32
13
23
26
31
18
4
27
25
3
1
0
36
18
8
15
15
35
36
11
12
29
5
36
10
10
0
1
5
31
7
13
1
28
2
30
7
20
36
3
14
26
30
32
24
0
18
19
25
4
33
6
19
36
24
23
21
32
24
12
35
2
15
31
12
9
7
30
21
18
7
27
26
8
13
31
16
25
16
15
1
30
20
9
19
25
8
29
17
36
28
9
0
3
32
6
31
0
18
0
6
18
36
6
27
22
26
16
8
27
14
23
29
1
34
16
33
35
31
24
20
27
35
0
14
11
7
23
30
24
30
5
10
12
22
11
10
12
0
25
29
34
8
26
11
30
28
24
33
21
27
1
15
10
5
18
27
10
10
5
22
3
7
15
35
7
17
35
34
9
20
27
30
11
22
28
24
15
12
6
21
11
16
6
27
4
10
19
11
35
2
6
6
19
29
12
29
10
2
16
2
20
24
17
33
12
28
6
26
