3
33
5
3
6
26
12
21
22
29
23
3
17
13
11
17
6
15
2
12
20
21
16
33
26
30
3
1
4
18
7
11
25
3
6
34
21
27
22
19
27
17
22
2
34
19
29
12
11
5
25
15
4
10
20
9
26
19
28
19
30
28
29
1
13
12
22
3
13
14
36
30
0
0
35
10
1
28
36
36
18
5
35
9
22
2
18
30
31
26
24
33
17
14
17
36
35
33
16
29
14
32
2
9
32
4
0
21
29
6
32
8
33
0
27
36
9
25
30
18
15
18
27
3
9
32
15
2
31
3
20
3
29
26
31
34
0
9
16
10
13
16
3
27
1
15
19
20
23
31
13
34
19
34
3
35
22
30
30
1
28
17
22
9
8
20
36
3
24
33
11
18
22
8
0
28
7
6
9
36
16
3
22
18
10
12
9
2
5
7
35
28
8
29
15
12
3
32
3
13
4
35
7
36
2
10
12
32
31
27
35
1
8
24
29
21
31
4
36
18
26
17
27
10
35
8
33
4
2
22
1
2
13
13
4
5
12
27
36
0
15
27
4
12
35
22
13
31
7
11
35
25
21
13
31
31
25
6
12
23
27
36
27
29
14
19
17
11
9
31
22
24
33
28
33
29
29
34
26
32
20
15
7
15
7
1
15
5
9
3
9
10
28
24
17
27
34
10
19
10
16
33
5
15
11
32
19
9
11
23
18
34
17
24
27
2
26
4
13
5
16
29
9
21
10
23
17
18
11
9
24
6
28
2
27
9
33
13
27
3
30
1
10
7
21
7
34
18
5
34
9
25
4
24
1
35
9
0
13
21
22
3
15
22
21
27
33
8
8
15
36
18
20
33
22
13
2
15
7
10
35
24
26
7
30
26
29
24
29
21
12
19
25
20
6
36
31
30
26
18
1
6
2
1
10
17
2
6
15
29
14
21
22
16
12
36
27
19
20
19
2
2
30
26
2
16
26
27
25
10
7
23
11
32
32
32
22
29
29
15
21
36
21
33
34
31
18
32
1
35
7
24
10
32
0
9
22
36
12
34
2
0
3
13
14
22
31
27
33
19
35
20
25
13
29
35
25
16
11
31
23
35
2
23
21
25
35
0
2
29
19
15
10
4
11
4
33
28
0
6
