7
35
31
11
12
9
21
16
13
14
34
10
30
1
34
18
8
13
3
31
25
34
15
15
22
31
31
30
3
20
4
2
28
22
12
8
32
30
12
6
0
13
15
18
11
12
5
21
15
21
21
31
12
34
12
29
35
1
13
7
20
20
26
28
14
33
5
2
36
7
23
14
2
0
21
18
19
16
1
26
26
4
17
25
10
30
7
20
20
4
33
14
17
24
12
24
10
0
13
12
10
25
5
31
34
23
23
1
32
10
8
18
20
35
34
22
1
1
11
14
13
4
4
18
25
23
8
21
16
10
19
13
9
35
0
33
32
28
2
27
19
15
22
13
35
22
10
16
3
27
7
23
31
33
18
22
7
8
28
18
18
24
26
5
8
1
4
10
23
26
11
25
27
13
33
19
18
8
24
8
33
4
1
21
12
2
2
29
5
34
24
18
26
28
25
34
11
11
16
27
15
21
14
13
33
3
23
18
1
27
5
26
19
28
10
25
30
21
11
26
21
16
14
25
25
27
2
12
15
25
34
20
25
8
19
36
23
27
19
15
6
19
17
14
3
3
17
23
31
29
5
13
18
0
26
33
19
12
6
15
4
20
34
17
19
19
29
18
6
7
8
33
0
27
27
24
1
18
24
29
29
10
33
9
22
20
19
2
0
15
2
0
34
22
0
33
6
0
11
16
20
12
22
34
17
10
4
36
12
13
9
19
4
25
23
15
8
35
32
18
21
28
24
20
30
10
3
13
11
9
27
35
32
4
7
6
18
0
27
22
23
34
1
27
29
10
19
30
31
4
31
16
12
6
25
22
28
7
24
6
27
25
20
16
8
20
6
36
12
27
24
16
13
36
28
11
16
25
30
33
33
20
32
29
7
34
25
11
14
30
32
14
7
16
10
32
23
17
23
19
26
3
29
22
32
30
9
24
12
9
12
29
35
34
10
2
6
32
8
28
10
19
14
28
36
19
4
29
36
32
13
13
18
27
6
30
9
2
28
36
32
19
30
20
2
7
6
20
34
22
19
35
18
11
36
20
11
1
13
35
22
2
33
13
3
5
35
22
34
15
12
5
31
34
15
13
18
27
2
1
21
13
25
35
28
32
19
15
6
32
13
33
34
19
22
28
5
6
3
29
