21
9
10
8
20
2
16
28
7
11
16
24
6
6
22
31
16
25
35
29
26
27
15
30
7
4
15
20
32
18
15
31
14
6
0
4
11
14
33
13
1
0
9
9
24
22
19
17
6
19
30
14
14
29
9
31
12
14
26
35
34
36
35
19
17
16
21
14
11
28
18
27
1
35
22
18
3
20
2
34
6
2
6
9
2
23
15
24
30
30
4
18
33
18
35
30
6
19
19
20
22
15
32
14
23
28
23
9
33
0
21
8
1
14
16
34
36
16
11
8
17
5
19
24
32
17
30
20
6
17
12
19
32
8
12
35
26
33
11
29
33
14
5
19
32
8
36
24
15
4
17
20
20
19
21
23
34
20
13
7
8
11
21
1
33
32
11
7
6
16
14
9
0
24
13
4
4
12
29
0
35
23
28
15
36
11
11
11
12
11
4
34
34
36
2
1
3
16
27
5
36
27
7
21
2
31
14
9
32
24
25
16
25
12
0
15
24
16
34
3
2
23
36
9
22
31
18
29
8
30
32
13
14
6
16
8
24
21
36
22
31
31
26
7
10
20
20
23
30
14
22
5
8
20
21
29
31
27
8
21
27
18
22
15
29
7
16
33
31
22
36
13
14
28
26
35
0
18
27
22
26
6
9
9
21
1
8
21
32
12
22
3
14
18
25
33
25
26
5
12
26
20
0
5
34
25
0
26
32
16
0
18
11
4
20
13
11
8
27
8
10
8
27
24
27
17
8
9
0
35
18
15
25
33
19
8
10
28
25
8
4
22
34
28
8
16
8
26
34
32
25
3
26
26
6
16
24
16
25
9
3
35
30
33
15
28
24
17
27
33
1
36
14
9
25
24
0
26
17
9
5
6
12
22
16
27
11
26
13
1
13
26
36
31
36
33
5
10
22
10
0
1
19
25
0
21
4
3
34
4
34
8
11
17
19
23
25
31
8
7
3
6
0
30
31
17
11
0
13
30
9
28
35
15
20
15
30
36
29
9
9
30
2
13
16
29
14
19
12
25
2
20
24
26
30
23
11
23
28
32
5
13
2
30
4
12
25
2
34
29
0
31
30
16
32
17
20
11
15
22
7
21
9
20
18
26
20
2
10
11
6
8
16
11
14
34
31
20
16
23
