11
7
12
31
30
28
33
4
23
24
20
20
23
29
32
11
35
27
7
8
18
28
34
0
19
7
0
6
13
5
20
34
25
10
22
3
4
29
12
4
14
2
17
18
18
31
27
18
12
24
25
29
12
2
34
4
25
12
3
6
14
12
9
27
8
16
21
13
31
24
28
16
7
24
11
13
23
32
23
29
6
13
27
3
20
30
17
9
0
28
36
25
30
23
2
7
24
14
17
15
26
16
30
35
4
1
11
7
24
3
13
5
15
11
16
35
4
33
24
6
1
19
1
30
34
0
1
18
6
16
15
25
12
2
13
16
18
35
19
5
3
29
16
17
19
13
27
24
19
12
17
18
30
7
35
27
2
13
16
5
8
31
4
6
31
35
1
7
36
7
11
22
36
16
3
18
36
14
12
16
26
27
21
14
13
16
13
6
11
16
1
16
10
5
24
14
5
24
1
11
13
35
6
34
36
0
3
9
29
32
35
9
31
26
22
30
7
14
20
24
18
10
10
34
12
20
13
22
22
28
32
7
1
13
10
19
5
24
34
34
29
0
23
8
31
17
27
2
7
35
6
14
30
14
10
1
23
35
32
29
20
33
17
5
36
19
28
33
31
2
3
9
0
24
25
36
2
8
16
6
29
0
6
1
30
7
31
20
29
27
19
13
31
15
33
15
12
25
32
35
14
2
7
4
1
36
14
21
32
14
22
36
30
7
19
5
0
9
14
20
27
10
2
7
34
22
16
6
26
31
14
27
12
14
18
25
10
21
21
30
4
16
9
32
34
20
30
24
21
2
13
0
2
2
3
36
7
19
3
30
31
34
28
6
1
7
16
23
9
23
1
19
3
35
11
23
1
9
17
8
11
20
2
11
15
9
36
30
2
9
29
22
2
33
2
12
26
13
35
7
17
17
34
35
0
25
15
10
30
35
25
22
3
29
21
6
15
14
22
33
10
12
14
25
4
33
1
17
4
32
1
27
7
9
22
8
5
30
33
2
12
8
11
10
13
14
26
10
23
2
25
24
34
19
17
7
10
24
31
36
23
9
35
4
8
10
32
33
4
1
18
36
32
10
25
26
25
19
4
20
14
28
6
31
23
18
14
6
30
15
1
17
10
11
26
4
20
4
2
27
