17
1
12
3
3
0
32
26
9
12
0
34
15
5
26
32
28
10
19
32
17
26
22
33
21
0
3
12
36
17
17
21
32
14
35
36
35
35
33
5
25
33
4
0
25
31
28
5
23
17
31
13
31
35
24
20
26
22
21
20
1
15
23
21
10
24
8
22
15
16
7
18
0
17
18
30
12
13
23
2
34
14
25
24
33
15
35
30
20
16
9
17
18
1
2
35
22
34
22
4
34
36
19
16
8
9
0
30
24
18
9
32
1
36
33
18
30
19
18
29
21
9
21
35
32
4
0
36
14
14
0
28
21
13
21
0
26
26
7
15
20
16
23
10
33
17
27
28
31
23
11
35
10
4
11
21
29
34
5
32
20
15
24
16
22
19
20
5
19
14
1
0
26
35
32
27
32
3
18
4
33
29
26
35
32
29
3
21
27
25
6
5
21
28
16
4
14
15
16
13
30
5
36
15
2
31
11
3
0
34
13
0
27
9
25
31
21
2
28
9
1
35
14
5
35
24
17
26
10
3
1
7
20
13
31
22
23
30
28
34
6
1
15
28
29
31
32
0
30
32
2
5
8
11
25
3
29
10
35
17
26
35
6
32
30
6
0
24
20
13
18
28
10
23
25
30
30
7
28
24
16
7
20
15
25
34
21
9
35
9
3
16
0
15
14
8
16
4
30
17
9
31
15
34
14
15
11
24
16
16
30
2
20
36
36
1
36
32
12
11
30
3
32
18
27
3
1
24
27
32
26
26
15
29
4
18
16
36
16
11
12
26
20
29
29
22
14
32
14
5
7
19
15
35
33
11
29
26
3
29
11
7
15
5
16
29
24
19
24
35
33
7
25
7
28
34
21
2
3
30
10
11
35
36
6
0
25
10
17
31
36
34
25
24
24
17
28
19
23
35
8
14
7
31
14
32
12
12
14
35
11
22
23
28
10
17
8
31
30
32
2
21
17
11
25
31
1
27
16
22
16
34
9
27
8
16
30
26
28
27
33
19
12
36
15
18
2
21
35
16
35
32
2
18
23
3
36
17
3
32
10
22
25
5
11
20
33
18
14
17
15
35
16
22
1
28
21
24
3
18
8
35
17
8
31
0
12
23
5
0
18
32
4
4
18
10
1
30
34
26
