33
26
19
2
34
26
1
30
8
1
14
0
23
10
7
35
1
36
28
4
32
3
36
4
20
21
32
4
30
24
24
34
14
35
7
14
36
32
19
10
15
35
30
3
24
11
18
26
27
26
9
23
14
19
15
13
17
16
12
10
23
12
25
8
33
13
10
22
5
29
27
17
10
11
23
34
0
20
32
19
15
28
30
19
13
10
10
2
20
25
17
27
35
36
12
33
9
23
30
25
26
11
7
2
27
27
24
23
11
22
13
13
4
16
31
17
19
30
5
2
12
3
21
15
26
1
24
2
4
20
25
16
36
27
11
27
17
20
0
11
20
3
10
12
11
30
12
23
17
17
5
22
30
3
6
7
16
7
35
27
30
17
13
12
32
12
10
17
14
20
32
12
29
35
0
1
7
16
25
10
4
24
33
10
21
27
35
16
13
33
30
19
36
29
27
4
19
21
5
22
22
28
9
8
14
25
2
21
32
0
7
16
35
5
1
26
10
12
31
30
16
25
31
23
13
10
2
11
6
24
35
1
27
23
27
21
31
11
21
32
11
3
9
12
6
29
24
6
1
16
2
11
1
18
18
17
1
14
22
10
21
6
28
24
26
0
23
28
7
24
27
27
6
11
33
29
25
29
19
17
3
1
33
25
33
18
8
1
31
33
3
9
23
12
5
34
31
27
3
9
26
28
35
11
26
19
31
3
3
8
4
13
36
14
32
24
15
28
18
27
32
17
9
7
25
2
35
17
22
12
21
10
4
5
25
33
24
11
36
2
19
14
10
21
19
10
2
16
20
33
11
13
20
1
17
29
21
12
1
33
25
6
25
36
30
29
23
6
16
35
9
13
15
4
4
21
25
5
4
4
21
7
16
11
11
25
1
6
21
4
23
0
13
28
17
11
20
18
20
21
0
33
25
8
1
17
36
30
12
10
19
16
8
0
17
9
30
36
31
32
24
15
10
15
21
12
27
30
10
14
14
0
8
3
5
6
12
4
17
7
29
27
11
26
20
22
25
5
19
9
0
4
16
15
0
26
12
19
11
24
26
6
3
36
12
32
22
5
7
8
30
26
11
12
16
19
28
0
7
34
30
23
17
6
33
3
24
12
15
12
19
24
27
19
6
12
5
11
21
31
