6
26
18
0
6
31
5
14
11
22
16
23
20
18
10
3
23
14
10
17
26
25
8
33
17
21
5
31
34
28
14
10
6
3
3
35
29
18
23
31
35
4
34
31
2
30
1
21
11
24
22
11
6
15
26
15
18
18
32
3
25
12
21
14
7
32
8
3
14
33
21
35
29
9
30
35
8
4
25
13
0
13
22
26
20
0
21
0
13
27
17
24
2
13
30
9
16
0
7
16
10
24
34
5
32
30
11
20
21
1
3
30
26
18
8
34
21
28
28
15
7
11
34
13
15
23
1
21
17
21
35
23
10
1
30
17
35
16
30
20
25
17
0
17
11
21
4
22
2
15
22
22
34
18
13
20
36
16
26
22
8
5
19
27
23
7
24
19
12
12
26
33
31
2
11
3
17
35
29
22
36
10
20
5
34
18
16
12
27
36
33
14
35
4
17
23
23
12
34
0
24
13
4
31
1
21
29
15
27
34
7
24
30
36
11
17
0
36
31
4
17
19
18
35
2
30
16
30
17
30
1
28
10
12
30
7
17
10
14
21
31
27
14
34
25
3
30
1
12
21
33
23
3
31
26
9
11
29
13
19
12
31
18
20
35
4
5
5
15
33
13
15
3
23
18
1
25
6
35
9
30
0
33
13
9
22
6
27
31
3
29
32
18
21
36
17
5
0
21
34
1
22
19
16
23
21
8
1
32
20
10
19
20
17
30
8
2
0
10
30
28
14
13
34
18
25
24
13
13
0
9
28
9
7
31
29
23
20
17
35
35
15
29
13
30
7
29
14
5
22
34
36
34
7
13
13
8
7
15
4
27
18
31
4
22
4
12
14
0
19
2
22
32
22
28
23
24
13
20
6
36
30
15
35
13
12
25
8
1
1
11
36
28
21
3
35
23
33
26
16
33
16
19
30
20
27
19
23
28
27
8
17
21
29
27
24
11
33
11
5
20
25
15
24
24
16
36
2
17
8
26
6
33
16
10
24
30
22
30
9
3
4
30
4
19
30
28
12
4
25
22
35
6
26
10
25
22
29
9
3
19
21
18
6
1
11
5
7
34
36
7
36
29
15
8
31
34
1
21
1
0
28
19
25
25
31
19
14
7
17
9
1
36
15
9
26
24
1
20
19
