6
4
8
0
28
27
9
2
15
10
10
2
35
14
25
25
36
19
5
5
6
18
21
26
9
1
15
6
24
24
11
15
3
1
7
32
20
2
25
17
13
1
1
18
14
36
27
2
3
29
9
6
17
32
25
0
17
32
29
18
15
32
11
23
2
36
3
13
13
1
29
20
3
32
8
6
23
5
11
22
0
33
3
36
16
5
6
31
9
28
5
29
26
13
12
32
27
15
21
9
31
36
27
19
12
23
6
4
20
11
0
8
8
4
2
1
33
32
35
32
8
23
35
25
0
0
15
28
21
26
11
23
14
23
14
30
23
18
5
35
16
12
24
0
3
35
21
2
28
22
31
3
25
31
22
32
25
30
1
1
27
25
5
8
5
22
26
1
7
15
18
15
2
5
12
4
2
3
17
21
4
19
27
30
31
2
1
25
2
12
8
3
10
29
36
16
27
14
30
1
34
5
19
0
31
0
0
24
15
9
13
30
27
4
25
32
16
18
34
27
20
31
2
24
15
18
27
29
1
20
27
18
15
25
26
9
13
23
22
23
10
32
1
30
31
19
34
32
5
24
16
26
27
36
15
27
36
1
17
1
34
29
31
0
28
24
10
28
18
7
14
29
16
34
7
17
32
35
0
16
7
18
22
2
21
9
14
23
29
31
6
23
13
15
11
4
3
35
32
14
13
22
8
9
15
25
27
27
23
14
28
13
0
28
35
24
20
1
6
20
4
0
9
8
4
35
27
0
7
9
30
24
22
13
33
12
29
20
7
19
1
10
35
21
12
22
14
1
11
22
35
28
20
15
36
33
23
18
35
32
26
31
31
22
15
26
24
17
21
19
29
1
17
32
13
0
0
33
11
25
11
20
23
14
0
12
21
7
19
22
31
16
11
8
21
34
32
6
5
14
14
14
13
12
18
21
30
16
14
9
24
17
12
12
19
10
2
5
7
19
36
2
11
5
3
17
4
8
14
31
6
8
26
6
34
5
22
21
2
21
23
16
23
1
14
18
5
12
23
20
2
26
27
26
12
12
6
21
24
1
18
7
35
19
11
31
26
35
17
0
13
11
30
35
1
26
15
35
5
10
25
25
2
17
35
3
33
4
23
10
0
13
2
16
9
20
11
7
29
27
