17
7
18
1
7
19
34
6
13
1
33
21
8
10
25
25
24
4
17
31
31
10
20
33
19
13
29
30
29
32
0
31
28
34
6
19
28
28
9
28
7
12
32
9
2
27
21
5
7
15
10
3
27
32
34
3
25
10
12
21
23
32
15
14
24
7
27
17
27
12
1
35
17
11
21
26
4
19
5
4
6
11
3
29
1
11
5
36
25
35
30
19
29
9
20
13
22
19
9
18
35
29
22
5
26
19
7
14
25
3
30
15
18
14
1
27
11
33
5
19
5
17
29
20
35
34
25
32
8
8
15
24
2
1
18
17
29
31
33
9
6
3
35
29
4
3
3
31
16
36
31
13
26
10
9
36
10
28
36
6
10
13
29
30
29
22
14
34
25
27
33
12
19
3
36
26
31
2
29
5
23
8
24
9
1
23
12
23
25
3
11
0
8
27
23
12
25
32
11
26
19
17
0
23
2
7
15
29
0
0
32
11
35
15
14
27
34
10
14
19
30
3
24
14
36
15
28
26
21
11
35
34
15
16
23
19
6
29
7
19
8
31
33
10
28
29
24
34
31
22
10
33
29
9
24
22
20
0
12
28
3
32
13
32
26
33
3
2
16
10
20
28
11
19
21
36
25
28
31
14
22
32
6
19
22
13
19
26
21
25
31
16
19
24
17
3
34
35
31
3
9
15
29
18
15
35
19
25
16
28
11
17
29
27
20
15
9
14
36
11
23
9
28
1
27
2
3
31
22
6
11
28
5
20
15
21
20
2
12
6
22
24
20
30
20
29
3
25
33
35
23
32
16
7
15
34
32
31
15
27
9
4
6
24
7
31
34
19
5
24
30
30
9
13
25
13
27
21
14
8
16
30
34
31
21
1
31
34
16
29
35
11
5
34
35
21
35
20
32
8
22
30
21
22
23
20
11
19
10
0
30
2
10
22
11
5
2
0
30
26
11
28
28
22
24
23
9
8
36
23
5
21
20
35
11
12
19
23
13
8
1
8
23
26
28
28
17
36
34
11
0
14
2
11
35
21
8
35
5
26
23
25
28
16
23
9
26
6
18
3
31
3
25
14
19
30
31
36
18
28
27
10
29
23
9
12
0
6
14
2
7
21
30
29
31
35
15
5
5
12
