18
24
7
35
17
24
19
1
6
20
34
10
8
28
9
26
34
7
28
2
15
18
31
12
11
15
7
17
3
7
4
35
22
12
23
29
26
26
28
17
13
30
36
26
4
13
9
0
7
22
26
3
32
8
36
5
14
29
1
23
4
20
9
20
13
33
25
16
2
31
12
27
8
1
16
13
7
14
31
14
28
32
14
0
10
11
34
20
2
34
31
6
31
21
0
16
32
0
0
11
19
12
9
23
2
12
32
12
4
0
34
22
2
32
19
5
22
33
32
33
2
2
6
1
6
36
18
33
33
10
14
34
16
31
6
11
25
24
4
36
10
0
4
25
1
4
12
35
35
4
23
31
28
24
33
9
34
25
24
1
29
11
21
28
36
27
23
20
18
19
15
13
7
26
16
32
34
29
25
27
23
13
21
3
20
12
1
28
35
11
36
13
0
10
2
0
26
29
35
10
34
3
18
32
34
10
36
6
11
13
34
17
28
7
0
6
5
23
30
7
1
25
27
5
1
18
19
33
24
33
4
2
1
20
8
32
14
31
23
35
30
1
33
31
6
16
17
12
35
25
4
36
28
9
32
17
22
30
33
25
33
10
18
35
21
7
9
34
26
34
11
21
35
25
31
4
8
18
12
24
25
9
26
12
24
17
34
7
14
21
0
20
32
35
2
13
32
17
5
26
31
22
15
6
18
30
20
36
19
26
6
1
14
27
10
3
28
27
28
29
3
24
34
36
19
17
26
30
28
17
24
1
7
17
13
36
10
29
15
4
5
24
24
33
33
22
18
2
7
3
4
33
4
34
16
13
15
19
36
4
23
11
24
15
16
22
25
7
4
32
24
24
12
24
20
36
26
10
29
33
7
35
9
7
11
2
27
27
16
29
17
16
6
32
36
6
18
32
9
2
22
29
4
29
16
22
11
17
15
32
31
12
31
23
24
22
8
31
7
12
4
11
7
31
12
15
20
5
22
8
14
20
5
26
12
2
9
27
29
21
18
20
4
17
3
29
22
1
14
13
26
30
10
18
0
10
29
1
30
10
30
31
32
30
35
22
26
4
19
10
31
10
7
7
32
35
33
22
34
23
18
24
23
36
28
12
14
10
2
3
32
6
26
19
0
4
18
12
17
25
