21
3
12
30
9
9
11
19
32
34
24
7
14
5
36
21
25
16
15
18
18
20
28
27
17
35
0
10
1
24
22
29
5
35
19
27
0
23
15
3
25
30
21
15
22
6
31
30
23
19
24
7
30
4
5
17
35
18
1
25
27
5
27
6
33
25
34
12
1
31
31
14
14
25
5
12
14
21
4
12
3
4
2
24
6
34
22
9
33
28
6
28
23
1
12
36
26
23
22
2
34
21
15
8
2
15
36
16
17
32
19
35
26
22
14
6
10
16
21
15
35
0
21
25
18
26
11
11
28
25
2
31
22
31
13
18
4
22
33
5
2
24
11
4
35
13
21
30
18
6
1
19
30
5
25
29
34
34
4
8
34
5
10
2
6
36
13
5
8
30
7
34
36
2
10
5
27
8
2
5
11
0
14
28
11
25
17
10
0
0
36
24
8
34
30
9
17
17
35
9
0
22
12
13
30
33
15
34
21
36
8
22
10
1
20
3
0
24
20
29
7
0
32
3
12
35
22
13
21
19
19
0
31
19
2
35
12
12
22
25
14
26
25
3
30
23
23
33
32
14
14
0
36
36
31
36
35
35
6
3
1
34
14
36
23
6
24
19
6
13
33
2
10
22
36
19
32
6
17
21
23
36
0
12
31
17
17
30
17
10
4
32
2
9
35
28
3
19
7
34
31
9
32
8
17
2
36
35
34
9
4
30
8
19
25
11
11
33
1
36
5
21
14
1
10
36
29
29
29
32
12
8
28
35
26
28
34
18
3
19
11
25
9
7
15
0
10
14
21
27
29
33
8
20
29
3
29
36
21
28
9
0
34
24
33
12
3
11
3
33
20
7
12
27
26
31
15
33
23
30
26
12
19
22
22
24
29
16
21
15
27
2
8
9
30
25
1
32
13
12
27
23
5
4
34
6
11
35
34
35
32
10
9
19
18
26
23
7
34
29
26
33
9
13
27
32
36
22
19
20
5
14
5
13
18
16
22
21
20
11
21
5
35
34
12
3
32
23
11
12
17
36
36
30
26
2
12
8
1
22
15
34
28
23
10
4
25
17
5
30
25
30
23
6
2
12
14
34
23
30
24
8
8
17
10
7
35
36
11
7
35
21
18
9
24
18
21
36
18
16
