33
25
23
6
30
24
20
6
27
27
12
23
10
5
7
25
32
20
8
13
24
23
7
13
10
20
22
5
2
32
5
5
23
28
10
27
6
7
6
19
30
6
11
21
3
0
17
32
28
18
35
16
13
19
11
28
31
34
13
20
31
32
35
9
20
19
30
33
19
15
16
27
2
21
9
5
24
30
17
24
35
27
15
35
30
31
11
32
12
29
12
22
20
0
35
6
34
17
23
33
31
30
12
25
22
35
21
19
34
5
20
23
31
29
19
25
15
22
20
9
8
26
22
19
6
7
7
24
0
11
25
22
0
21
13
18
28
23
33
4
23
24
3
17
29
23
23
3
11
13
22
25
30
35
15
19
33
6
22
6
4
29
12
6
3
28
14
21
20
34
35
3
34
30
11
11
0
10
36
13
8
17
31
3
22
36
3
4
27
13
30
35
7
25
20
29
13
24
22
7
3
4
10
19
16
7
36
22
24
9
29
10
15
17
7
15
2
21
25
19
23
15
13
27
8
19
14
18
34
20
8
0
28
36
15
4
26
6
5
31
15
9
4
15
13
4
12
14
4
33
20
21
9
15
16
17
18
17
27
36
14
20
12
25
25
32
29
8
29
13
3
11
1
12
24
11
28
18
10
34
23
0
20
18
2
10
13
17
20
31
13
18
29
36
12
25
5
15
36
17
11
16
21
7
36
34
11
31
19
32
0
9
6
26
27
13
22
14
5
22
20
34
20
25
24
20
34
25
15
28
28
31
29
13
18
20
22
9
30
7
34
11
7
26
20
34
17
5
24
4
27
8
0
25
26
1
21
34
3
30
26
2
4
21
26
1
12
25
34
14
26
13
19
27
24
15
27
31
12
36
9
16
18
5
8
9
24
22
1
33
23
27
28
24
4
16
12
6
20
24
34
8
1
3
25
36
31
19
9
10
16
4
35
16
19
28
33
32
7
19
33
24
11
22
29
23
28
10
13
22
5
31
35
7
11
22
5
8
22
5
32
36
28
1
32
27
36
36
14
10
11
20
25
20
5
25
28
2
16
9
15
20
14
3
21
33
14
0
30
1
35
24
34
11
16
9
7
26
34
35
27
0
18
28
30
36
9
6
4
10
29
2
10
19
11
14
0
14
0
9
