33
13
19
0
25
14
11
34
10
4
1
33
3
0
11
16
28
25
9
33
4
23
29
31
15
17
0
31
13
27
9
4
27
0
8
18
8
36
15
3
19
21
21
14
5
30
18
22
9
24
5
2
22
8
3
36
9
15
15
27
20
35
16
20
16
1
35
7
17
29
22
9
9
23
13
7
10
0
25
36
26
34
3
17
17
19
24
10
10
13
21
35
12
7
21
19
26
26
4
36
18
23
25
16
33
2
12
20
13
5
16
8
32
11
3
28
8
1
14
30
31
12
16
35
17
5
15
31
2
32
12
28
24
21
21
20
30
16
22
9
16
1
30
6
0
11
0
24
9
3
18
2
20
10
28
16
6
27
23
8
28
14
29
7
24
24
29
17
24
23
34
16
13
25
5
29
27
36
3
2
0
18
20
27
21
9
29
22
4
2
35
5
1
24
17
19
18
26
18
32
31
34
23
13
19
24
10
16
4
0
2
30
4
29
7
17
35
5
29
22
22
36
19
4
31
19
8
26
3
22
6
9
1
20
11
5
1
18
30
29
29
18
28
19
35
32
19
29
1
21
12
17
10
14
21
10
18
17
32
26
30
24
8
15
18
30
7
16
30
14
8
21
18
23
35
18
20
30
26
27
2
20
22
19
21
3
7
21
18
11
34
19
4
11
5
6
2
27
19
4
18
4
2
30
32
7
3
13
2
19
33
9
29
14
25
13
35
12
18
21
31
22
3
27
1
7
24
10
35
27
21
9
7
6
35
34
36
8
10
21
13
0
32
11
5
25
12
24
2
27
8
6
3
25
4
14
16
14
12
26
34
0
32
24
24
0
23
33
13
19
6
8
13
10
4
18
10
2
34
5
4
34
32
8
33
10
34
8
32
15
9
11
19
6
5
9
34
2
17
18
14
21
3
15
33
15
26
18
10
10
26
18
2
34
9
22
13
0
2
24
17
7
23
16
5
36
24
34
10
2
16
18
32
30
9
15
20
12
22
9
8
28
29
3
29
16
1
22
5
28
9
20
14
30
20
29
23
6
32
10
11
22
29
34
25
27
32
26
13
10
26
36
11
15
26
27
10
19
11
2
29
5
18
30
2
21
30
12
34
33
32
21
5
29
28
30
21
29
7
15
