1
5
15
3
4
16
30
5
16
0
23
14
8
36
34
5
10
14
5
6
8
4
3
0
4
2
0
10
34
11
27
23
29
11
4
4
0
27
15
4
34
17
0
0
8
15
32
11
30
34
31
28
34
16
11
36
34
0
1
25
34
10
30
36
4
19
9
6
35
23
33
3
7
0
21
18
4
19
25
19
8
36
30
5
18
22
35
29
19
17
19
4
4
24
32
16
24
20
11
9
3
34
20
35
23
8
12
11
18
30
21
25
8
18
24
25
35
8
20
31
25
4
1
17
19
23
6
19
17
2
32
22
17
21
33
23
5
13
33
12
14
30
20
6
31
10
29
8
14
29
19
33
3
18
14
3
23
3
28
9
16
8
10
1
15
19
36
11
34
24
2
24
32
11
18
23
28
13
33
13
23
29
35
31
8
19
4
13
17
6
36
17
0
8
21
12
33
29
17
31
33
16
34
8
16
32
23
20
20
28
15
13
7
23
33
32
2
31
11
18
16
15
7
26
4
3
29
14
36
28
31
22
17
14
33
3
10
8
26
10
23
11
12
16
26
16
22
7
34
30
19
10
26
21
4
22
3
28
21
26
20
6
26
25
5
23
6
30
29
34
15
3
33
35
14
9
23
32
7
6
9
24
12
36
21
24
31
19
34
12
14
22
19
31
29
1
14
21
5
12
25
9
7
33
29
23
8
23
35
23
1
23
30
14
29
19
19
11
3
19
7
17
2
8
1
8
7
23
28
29
18
7
18
0
8
21
1
20
23
14
7
31
19
1
21
35
15
6
7
27
33
12
14
23
28
8
9
0
33
26
12
17
24
8
21
36
21
22
29
0
27
17
18
8
13
8
25
3
13
22
3
27
33
31
30
1
29
5
36
35
25
7
16
22
11
18
21
20
16
9
5
2
27
26
9
17
18
29
31
18
34
21
13
30
36
10
35
20
20
25
22
21
14
34
1
27
26
32
2
1
26
34
1
4
14
26
24
3
25
31
16
33
7
28
30
10
9
20
23
9
5
15
6
15
21
28
13
28
5
32
23
4
27
28
29
22
7
17
24
10
20
27
9
12
21
31
21
11
20
30
22
14
27
27
12
29
10
11
2
18
14
5
19
4
28
12
33
36
10
2
