30
5
25
12
15
36
36
0
3
10
10
36
23
23
30
6
14
13
14
31
23
18
2
25
26
0
28
15
33
12
28
8
17
34
7
5
29
4
27
8
4
7
10
12
8
34
26
26
11
9
25
3
27
20
27
1
29
16
35
15
32
27
9
11
29
7
3
25
20
24
4
36
26
30
33
3
10
3
15
31
10
25
27
21
4
27
20
16
10
14
30
8
29
21
14
0
15
13
13
16
14
13
14
19
12
16
23
31
1
23
17
26
11
3
4
29
24
24
17
26
6
2
30
4
24
20
22
29
11
23
31
36
12
14
0
2
2
21
11
9
3
33
6
13
26
19
20
7
0
29
14
1
30
18
5
14
1
3
17
6
1
24
11
36
11
14
30
36
1
12
27
9
22
29
27
31
13
34
23
26
10
32
18
33
12
23
1
3
29
24
29
35
15
6
2
34
2
7
31
4
13
7
21
22
35
16
13
2
35
0
13
10
30
1
8
20
2
6
27
8
15
11
36
22
22
33
15
21
3
14
35
25
11
31
22
36
4
13
5
36
14
16
8
6
17
19
13
20
23
36
1
12
30
4
14
2
12
14
28
12
9
7
21
22
28
9
30
9
33
24
36
2
2
12
36
9
7
19
22
2
17
28
25
22
22
19
8
18
33
17
20
21
18
24
20
31
27
27
11
1
32
15
11
0
10
23
28
30
22
12
24
17
29
19
13
2
28
1
7
27
7
26
29
21
32
16
35
36
14
9
20
9
31
35
10
11
24
3
29
2
22
33
24
33
14
15
1
25
12
7
36
32
18
26
7
2
17
31
5
18
19
23
18
10
33
3
29
17
27
13
5
18
17
4
10
4
23
2
21
23
14
13
25
4
1
34
2
21
30
24
35
33
34
19
0
20
36
25
12
17
14
17
27
4
7
30
33
23
31
2
6
12
15
33
33
33
7
24
33
1
21
8
9
29
9
11
22
8
2
9
12
20
36
0
0
3
18
18
5
1
9
32
18
13
1
30
26
15
4
14
9
0
2
22
3
23
14
21
25
2
8
9
30
30
29
35
19
10
23
33
15
11
7
17
3
34
1
13
7
27
11
19
15
35
16
27
36
25
27
15
11
1
36
22
17
8
10
16
6
10
