10
17
12
7
34
3
35
33
29
11
7
18
17
1
27
8
26
2
23
4
19
0
19
35
24
30
26
18
31
17
33
18
19
34
12
12
18
25
19
30
32
31
2
2
32
4
30
15
17
34
31
6
6
24
17
25
12
8
34
9
25
10
25
2
12
19
16
8
15
27
5
5
25
26
12
0
24
28
1
5
33
20
19
21
32
13
25
34
18
17
36
13
31
18
20
13
36
10
18
31
1
3
25
18
17
34
1
14
4
12
29
11
1
8
4
12
16
0
9
3
27
24
32
34
34
29
34
3
20
0
5
0
12
26
0
3
4
11
6
20
26
16
9
18
23
11
16
33
22
6
19
8
1
11
23
5
29
29
12
7
34
34
5
28
27
20
25
29
15
25
36
4
24
2
5
13
34
1
17
5
36
21
33
19
19
4
10
21
20
32
0
30
7
36
4
33
11
10
19
30
6
12
5
0
14
20
33
13
17
21
10
12
18
34
29
12
2
14
10
5
34
36
17
14
12
9
18
7
26
0
13
29
10
30
5
36
7
8
33
8
19
6
9
20
11
14
20
9
6
14
15
22
4
27
1
18
27
20
7
33
11
18
16
13
27
1
8
1
22
21
20
27
0
22
12
29
12
32
35
11
2
22
28
25
30
6
13
26
25
6
31
7
23
10
18
3
10
12
24
26
18
5
34
2
15
29
16
32
14
16
1
13
6
15
1
28
28
34
0
6
19
32
13
6
23
6
18
29
6
24
14
1
21
31
15
25
2
15
4
17
35
13
31
19
33
19
25
11
27
22
7
18
15
20
21
0
16
8
33
2
4
7
8
33
36
9
16
27
14
34
2
12
6
25
33
11
16
30
28
1
5
31
17
33
36
12
23
28
27
36
35
9
9
31
20
10
19
15
1
6
32
20
9
27
14
26
6
21
17
8
29
36
16
29
20
8
25
33
13
29
21
10
33
9
9
26
34
4
10
5
23
32
11
2
11
24
30
18
36
11
9
11
14
36
32
18
4
24
29
7
35
35
21
4
28
26
8
14
6
6
35
15
17
21
33
28
17
23
32
33
32
1
27
33
29
32
18
31
1
16
20
17
25
7
29
24
10
9
14
15
24
0
29
8
34
4
15
25
20
34
