31
14
33
7
17
8
19
13
33
0
3
20
28
14
30
18
23
22
7
31
35
23
30
18
31
13
33
6
19
20
2
4
34
12
16
4
13
16
7
36
31
3
23
11
31
11
33
10
1
10
30
29
30
9
31
5
7
17
6
20
1
9
27
26
4
23
35
3
27
22
18
27
29
19
14
12
24
14
0
34
26
0
12
33
21
28
31
5
22
29
2
22
18
25
31
7
20
16
31
34
18
15
32
18
29
22
24
35
3
7
11
22
9
29
0
20
35
2
7
6
7
35
21
10
10
22
13
36
10
33
14
16
7
10
14
36
33
25
31
15
22
27
22
22
32
33
12
26
4
27
1
10
36
31
13
21
11
0
27
7
18
22
22
27
12
22
9
12
33
0
29
15
23
28
24
24
4
8
10
24
11
25
9
34
15
33
17
4
28
1
30
36
12
35
18
20
28
3
4
4
30
28
22
29
4
4
16
10
19
10
36
19
25
16
20
8
31
36
26
13
34
15
34
16
31
28
8
23
15
19
29
34
18
23
29
7
24
9
26
34
21
16
34
23
15
16
17
26
28
14
4
34
6
34
20
0
3
30
13
18
4
33
2
12
13
22
18
13
14
22
36
34
6
22
16
24
7
17
28
5
4
22
28
33
16
6
25
33
2
33
1
27
21
16
15
5
31
33
3
24
13
11
7
8
29
0
13
16
8
21
22
4
23
12
22
25
0
29
4
18
15
17
17
12
33
20
20
28
1
17
10
6
3
7
13
26
2
24
17
13
31
12
20
16
19
7
20
20
29
5
17
16
28
16
5
30
24
32
4
15
16
7
25
5
10
1
5
4
36
16
24
34
9
8
15
32
35
5
15
34
4
8
2
12
21
21
12
8
4
21
33
28
7
31
19
2
18
31
27
15
33
11
11
21
6
22
21
4
13
8
1
13
4
28
20
7
26
10
12
24
11
15
0
3
12
26
24
34
11
7
34
15
31
17
35
6
4
25
9
7
28
28
16
27
20
26
16
13
5
31
14
21
24
23
17
15
26
36
13
33
8
7
10
14
35
2
10
32
28
24
20
36
24
24
26
18
14
15
32
35
26
19
2
2
3
8
25
0
32
27
10
12
6
4
32
24
26
13
13
24
