30
25
19
15
28
22
21
17
13
19
36
14
27
13
31
21
8
31
27
34
13
18
19
15
2
15
31
9
16
20
9
14
26
15
9
0
18
8
20
25
30
11
13
13
2
3
23
20
10
17
10
15
21
29
14
12
17
33
6
4
3
26
16
22
17
30
5
31
28
3
16
16
33
10
34
4
34
19
31
31
17
10
32
30
35
24
35
29
3
28
27
7
17
23
3
35
17
4
1
23
16
29
33
17
16
25
36
32
0
6
17
35
27
3
30
28
21
10
19
8
30
17
26
21
0
6
11
21
21
3
23
6
19
35
16
33
30
8
28
29
23
16
29
27
15
30
31
11
16
7
13
35
18
6
25
31
10
32
24
31
0
0
13
31
8
1
28
31
17
33
5
31
30
17
27
26
31
3
35
9
0
7
30
17
10
31
30
11
24
34
26
33
9
7
19
28
15
13
15
7
31
0
4
23
28
30
14
9
14
22
25
2
11
3
4
34
29
13
11
11
21
3
19
24
5
19
12
27
8
11
23
10
28
20
2
35
27
27
35
4
10
6
9
31
28
10
22
17
6
4
12
6
11
19
7
3
10
34
7
16
26
5
20
11
30
34
32
27
29
25
3
4
1
12
25
33
23
21
9
16
0
1
20
33
3
1
11
1
4
27
24
32
8
17
30
17
17
28
16
31
27
11
33
19
23
0
18
33
13
6
35
33
33
13
4
8
11
18
28
36
25
19
21
29
7
30
5
36
11
21
23
30
7
15
35
35
5
9
11
12
24
26
0
7
21
18
5
20
4
15
20
9
15
11
6
11
3
24
12
9
29
9
24
15
30
23
5
12
29
26
10
21
12
6
32
2
16
8
4
28
8
16
24
3
33
29
35
2
28
7
26
7
30
28
32
9
25
32
2
23
2
9
26
9
15
17
11
13
16
9
23
0
9
11
5
13
25
35
20
18
33
15
4
21
33
21
21
20
31
8
24
8
20
20
22
11
10
11
20
8
2
10
1
7
2
13
10
20
34
24
13
8
4
21
19
8
31
25
9
2
33
14
12
29
29
29
20
3
3
10
21
23
13
9
15
8
28
1
18
0
8
12
22
35
17
34
28
13
3
0
24
25
31
19
18
22
12
7
4
23
