22
7
27
31
12
0
27
4
2
17
11
31
27
8
2
7
36
2
22
9
27
7
12
4
35
21
25
33
2
4
29
8
6
27
17
8
23
6
25
30
25
9
5
16
32
35
34
3
4
16
3
17
3
6
7
32
3
3
3
24
28
0
12
33
28
16
2
17
34
26
14
18
27
30
20
32
12
4
10
9
1
9
23
28
21
9
35
14
34
26
17
20
36
17
27
2
14
17
16
32
8
1
5
17
35
6
9
31
23
3
2
19
22
26
3
36
30
29
24
26
12
10
28
7
32
11
20
20
31
26
23
25
11
35
20
14
24
1
27
2
2
35
20
36
18
23
14
3
15
15
30
34
1
5
21
15
15
32
0
13
29
35
25
26
12
30
8
11
15
5
11
24
36
27
2
10
11
10
28
35
14
0
34
12
36
34
1
16
4
5
30
24
19
5
30
27
6
11
19
33
11
29
34
12
36
12
19
30
21
27
34
33
22
28
1
10
14
21
28
13
36
25
34
4
6
19
8
27
3
15
3
27
26
13
1
19
27
12
27
14
28
15
35
12
2
25
29
14
18
2
10
2
27
5
31
29
19
0
2
36
27
11
16
10
0
2
9
35
13
4
25
14
18
35
10
21
14
8
0
8
4
5
26
10
16
3
18
13
7
7
24
6
36
22
30
29
9
11
29
25
28
3
36
27
11
11
15
32
22
12
6
26
25
27
24
22
33
10
10
23
14
22
23
19
27
31
36
21
14
21
31
25
24
35
0
15
1
7
23
11
36
29
3
10
12
32
10
26
21
15
25
25
32
13
12
27
15
30
33
24
25
13
1
33
19
6
20
35
26
33
8
6
10
0
22
2
26
18
6
23
0
13
1
12
35
27
9
9
17
9
22
18
24
14
35
30
36
5
4
18
8
11
17
3
14
26
1
36
13
15
33
11
29
26
23
10
25
3
20
6
13
12
31
1
11
11
27
15
13
25
25
19
6
34
8
18
17
15
11
6
26
4
28
29
32
22
28
33
29
27
18
26
10
29
31
6
34
27
18
23
34
4
20
10
30
32
13
3
10
6
28
28
9
12
32
29
35
20
0
25
8
20
11
8
8
29
17
0
6
11
8
14
27
26
11
35
30
8
2
13
