35
34
22
29
34
11
18
21
15
0
32
0
22
15
15
29
13
22
25
31
19
30
15
9
7
34
26
34
23
17
35
31
19
20
29
28
23
18
2
4
11
10
8
1
13
24
12
28
20
2
27
8
9
32
34
24
31
4
27
19
13
18
6
11
15
7
29
23
27
22
29
7
17
0
35
24
3
12
3
20
23
15
4
27
28
29
9
31
17
11
18
32
8
16
14
21
23
4
19
18
19
6
9
25
21
31
36
29
7
25
27
35
27
5
24
9
24
6
17
33
23
5
10
35
26
24
0
30
24
34
29
13
16
3
15
18
3
32
16
25
11
3
19
26
29
33
34
27
29
13
29
25
19
16
19
34
14
5
25
1
29
8
9
22
22
19
14
18
35
31
23
10
33
32
27
10
16
10
13
9
13
8
22
9
18
33
35
2
4
13
26
29
31
8
16
28
2
6
27
10
33
15
32
24
2
23
35
16
35
15
17
8
10
3
3
32
11
28
36
6
31
34
11
29
9
9
6
32
11
18
25
3
29
3
1
6
34
34
32
2
7
8
22
8
26
5
34
17
15
9
5
4
12
0
11
7
34
35
8
31
34
20
27
26
31
20
2
28
12
15
7
3
30
2
36
22
33
20
13
28
26
27
21
5
3
22
15
16
14
4
9
10
33
34
7
16
26
22
34
28
23
4
29
26
17
18
12
25
19
30
24
29
30
31
14
10
35
36
31
1
29
13
32
17
24
8
6
27
4
20
9
30
21
5
29
0
4
8
9
18
25
17
15
36
13
24
15
20
0
28
23
25
3
12
27
21
33
12
30
3
17
9
13
35
20
34
12
8
7
0
30
35
28
26
17
18
4
35
24
17
4
24
36
12
12
9
12
14
2
28
7
23
17
33
25
35
31
11
1
8
9
2
33
19
15
31
26
35
34
16
36
19
32
19
18
4
2
1
32
26
17
35
9
32
0
24
35
19
6
1
15
6
13
10
13
17
21
33
32
34
36
23
20
1
21
14
16
30
32
2
34
22
21
13
33
4
8
31
15
1
14
22
26
29
20
9
23
5
19
15
11
35
23
2
13
18
29
18
18
32
19
33
35
33
8
30
36
21
14
16
3
5
15
17
24
31
5
26
1
24
