9
28
22
25
29
2
20
25
9
6
31
23
2
27
8
14
12
7
9
4
31
32
5
23
17
24
13
21
4
4
1
26
34
2
10
26
14
27
11
35
30
32
3
29
25
1
6
19
17
20
1
16
5
13
17
6
10
14
7
33
28
32
30
11
20
19
13
17
19
2
34
9
0
24
3
32
25
4
0
5
14
13
16
36
21
6
31
16
25
29
15
15
3
1
0
19
9
35
24
5
13
34
4
35
24
28
13
3
31
0
26
10
31
26
13
23
31
11
10
23
36
27
35
26
11
32
10
22
5
34
15
3
4
25
23
23
34
21
33
33
4
8
11
14
30
0
26
13
28
17
5
25
8
28
21
36
21
33
28
14
14
24
1
36
15
31
35
28
18
15
19
10
31
32
27
23
29
26
20
17
8
21
20
23
5
29
9
32
10
16
24
10
23
25
36
31
25
28
22
32
6
22
16
10
1
36
12
25
33
2
23
13
3
21
28
4
23
12
12
28
36
21
6
27
14
15
20
4
10
4
0
31
20
33
27
31
8
6
1
12
13
34
27
18
34
34
29
15
19
15
6
7
2
6
11
4
27
2
0
30
10
0
17
1
19
21
29
17
17
12
17
0
29
6
3
23
11
24
29
19
21
14
10
26
23
19
31
6
20
16
29
18
18
16
13
36
15
5
36
33
25
6
12
12
13
5
18
32
36
2
33
19
3
19
31
29
25
23
8
34
20
12
10
12
13
1
35
22
34
29
14
5
8
34
14
14
26
30
12
1
15
32
30
2
24
17
5
35
10
16
6
19
9
23
25
2
31
12
0
7
15
6
17
20
13
13
3
23
21
6
30
6
35
28
24
27
6
17
31
26
24
10
16
34
29
9
36
7
14
30
36
21
34
6
30
31
20
26
18
35
1
5
1
15
32
30
5
31
12
19
27
11
9
14
28
35
11
14
35
17
1
2
9
4
23
11
14
25
6
21
8
15
7
29
27
22
1
26
15
19
20
19
7
32
34
3
25
14
21
0
24
21
4
35
8
22
4
12
33
5
7
18
19
1
8
10
0
15
28
21
23
17
14
25
12
31
4
16
23
4
14
4
6
20
19
14
33
23
18
33
10
10
1
36
34
11
32
5
21
33
