7
33
36
9
2
35
9
20
13
18
19
17
16
17
22
9
3
0
33
11
27
29
28
17
22
32
6
17
36
1
9
29
9
8
9
26
8
19
25
8
29
26
8
34
12
29
21
35
6
15
13
3
22
12
1
6
16
25
28
5
3
33
24
18
33
1
24
34
33
10
27
23
23
15
14
25
3
17
20
15
27
2
2
17
36
18
30
9
22
0
26
16
10
23
29
16
21
6
9
9
16
23
9
21
0
26
27
26
24
29
23
8
33
7
1
19
33
15
6
36
16
34
12
19
19
25
6
16
5
21
34
12
19
32
6
12
35
0
15
10
27
31
19
33
13
12
22
35
32
7
31
26
32
36
28
27
31
11
3
1
6
13
2
20
5
8
4
35
23
5
31
5
28
27
10
19
23
31
36
19
9
0
11
2
3
21
1
1
34
20
11
28
24
25
6
33
9
33
12
1
4
24
28
7
15
33
23
31
19
17
26
0
3
22
27
30
21
31
18
31
14
34
9
21
32
1
14
22
28
29
5
6
3
1
11
10
36
18
36
6
0
26
14
32
11
13
25
26
27
21
16
36
31
19
14
15
12
11
1
2
3
14
27
10
35
25
29
20
0
2
16
7
4
20
19
9
2
28
14
0
25
21
23
27
34
17
35
18
27
12
3
5
35
0
15
23
0
20
1
23
27
21
31
22
14
10
32
17
20
26
14
9
5
6
7
5
26
8
32
7
15
5
36
22
29
28
29
34
35
23
23
15
27
16
18
3
33
12
16
6
3
30
19
6
1
1
1
35
26
24
7
17
4
1
2
5
4
1
30
16
16
22
10
31
1
0
8
28
5
30
23
2
9
28
0
17
20
30
29
14
27
5
18
1
32
8
21
30
15
14
36
3
20
18
23
27
17
20
3
13
22
33
7
25
13
7
18
7
1
19
1
0
27
25
32
1
30
1
19
1
10
28
34
20
9
17
27
24
4
12
36
12
10
22
24
20
13
3
24
16
31
21
7
29
17
12
9
35
16
7
0
23
11
25
3
25
26
6
16
0
7
34
23
14
22
15
6
20
33
4
14
23
7
2
20
35
35
24
6
15
35
9
27
12
19
2
23
28
1
1
6
36
17
28
2
36
20
22
35
1
