7
6
11
19
2
32
14
21
16
33
17
8
19
23
4
36
33
36
23
29
32
26
11
8
33
25
1
13
23
26
8
7
29
21
14
20
19
6
10
18
17
23
31
18
10
30
29
3
15
28
3
7
32
33
21
20
2
27
9
13
18
4
28
8
4
23
34
7
4
6
8
32
11
30
15
13
16
11
35
12
32
8
9
35
11
35
11
10
22
24
17
31
17
17
18
25
24
28
2
25
32
25
4
23
12
26
6
0
34
19
26
14
5
20
0
7
5
14
28
2
24
11
1
27
14
20
34
35
31
0
31
25
14
1
0
35
29
4
7
28
3
34
3
26
19
26
36
16
0
12
4
17
17
6
27
12
7
18
8
15
27
11
8
20
12
9
28
28
21
20
1
13
19
7
32
13
5
21
25
14
16
20
11
29
16
26
18
1
27
13
9
3
27
11
2
21
33
10
2
12
5
32
3
2
15
32
3
34
25
26
28
32
0
0
2
20
23
21
2
13
9
9
22
5
15
13
2
21
23
17
18
34
26
29
29
36
15
11
21
14
8
15
34
18
24
35
5
8
7
11
12
30
13
30
21
3
26
31
7
13
16
27
6
4
17
12
33
20
17
13
12
35
16
11
16
3
6
11
10
25
33
32
34
25
13
7
1
26
11
35
8
2
17
10
31
32
3
28
19
13
31
27
17
22
21
3
26
17
5
15
3
18
1
23
14
30
21
19
23
6
20
30
21
31
12
11
36
5
6
15
6
26
21
18
20
16
36
17
14
1
34
31
22
17
1
12
4
12
36
16
9
31
16
13
11
26
4
5
22
35
5
3
18
3
23
34
11
26
33
28
33
24
9
4
9
8
19
29
10
0
7
7
22
29
2
19
0
35
16
19
13
2
8
34
22
34
25
21
26
29
34
18
27
10
31
20
13
24
33
16
35
4
22
16
27
19
10
26
15
15
1
33
33
2
4
30
2
33
30
23
0
4
25
7
2
17
24
24
12
29
7
18
21
26
33
21
36
20
28
23
33
15
20
17
12
26
33
5
4
18
35
21
12
0
25
22
2
28
34
27
18
1
22
30
11
19
20
3
32
25
6
2
22
35
16
25
3
30
4
8
19
27
4
8
11
31
8
25
9
27
