9
8
13
2
19
11
12
16
35
30
0
27
17
33
13
34
6
14
17
24
1
22
19
35
15
30
4
17
23
1
19
21
26
24
25
14
12
32
34
7
7
0
8
11
18
28
6
22
27
30
31
12
36
26
20
26
35
6
33
2
20
31
12
27
33
13
7
31
24
0
30
27
25
20
33
14
27
17
9
21
33
1
3
3
18
7
32
3
0
33
4
8
7
29
18
17
30
28
15
27
2
27
27
23
18
23
18
28
8
35
16
33
12
28
15
9
35
34
25
4
7
9
15
6
11
6
33
26
21
35
31
14
6
36
1
21
28
29
23
22
16
0
36
8
32
28
30
29
3
36
22
13
32
23
24
22
25
32
28
24
12
25
13
3
16
2
34
34
14
13
25
15
33
25
16
17
2
13
29
26
31
16
0
6
23
29
25
27
24
30
21
32
0
15
28
16
30
22
3
12
23
31
35
20
35
30
23
35
26
2
29
19
34
16
24
18
14
24
25
3
7
31
36
27
7
0
13
13
5
25
14
20
30
9
22
8
11
13
20
2
20
16
12
1
18
22
28
20
29
17
35
1
35
24
7
4
24
11
6
23
28
28
34
0
2
36
23
35
29
20
6
14
28
1
33
5
8
1
2
18
11
6
24
32
21
13
2
20
3
24
14
26
6
12
15
18
19
3
23
23
23
25
2
31
0
36
18
2
22
2
26
34
2
13
15
10
12
1
21
34
24
26
15
9
12
17
26
32
18
21
33
5
35
11
7
9
36
1
19
36
13
23
1
24
35
2
6
9
14
18
9
35
25
33
33
31
33
21
32
23
30
36
34
15
7
30
2
28
13
29
18
23
11
33
12
35
1
24
27
15
19
9
17
7
2
25
6
27
22
29
29
11
0
20
35
22
6
6
30
1
24
27
6
11
3
9
3
23
33
0
23
21
17
10
3
17
5
25
35
27
20
9
6
13
9
22
4
36
7
2
1
16
8
15
29
31
21
14
20
28
9
20
13
3
0
23
31
24
28
20
34
18
15
18
2
24
19
22
9
8
8
9
29
22
25
15
13
33
35
30
28
22
14
9
25
19
34
8
2
20
22
27
23
28
16
9
20
20
11
13
20
12
35
9
9
18
23
18
31
36
