26
10
25
29
35
36
33
5
12
24
13
34
17
18
26
33
21
24
2
24
30
31
23
3
34
3
34
15
35
25
4
19
25
13
4
23
2
25
25
2
35
31
18
27
20
19
19
26
34
10
13
5
23
33
0
23
4
0
21
20
15
35
5
24
35
31
10
0
34
10
28
0
15
13
14
19
9
32
0
3
9
34
7
7
7
13
26
3
28
15
10
23
10
24
3
8
8
22
4
17
5
19
25
30
17
29
21
20
18
32
31
15
18
6
25
14
16
15
3
4
20
25
30
21
19
23
18
33
6
14
35
36
17
32
2
25
33
25
5
31
9
11
27
26
18
27
35
2
15
8
7
7
11
35
9
20
30
35
3
15
29
31
14
7
22
32
26
27
24
16
29
8
22
10
3
34
13
7
17
6
12
26
11
15
8
1
11
33
3
29
25
18
5
8
31
23
21
29
8
30
11
26
20
24
20
17
13
5
29
12
32
4
15
9
14
10
11
25
14
19
17
13
0
35
36
13
3
36
23
28
6
17
30
11
34
28
12
6
11
23
12
26
28
34
21
11
9
1
7
0
36
1
0
8
17
22
22
22
18
22
6
16
25
14
4
24
34
2
26
29
19
16
23
34
18
30
23
33
6
31
3
1
7
33
27
2
5
13
10
32
15
13
25
16
9
5
30
15
2
33
27
18
24
5
26
2
1
33
14
15
29
19
17
16
36
36
28
14
28
16
25
32
29
33
12
26
9
13
5
1
1
22
7
0
36
5
26
30
14
33
13
8
26
20
32
9
10
28
30
19
29
31
25
5
36
15
24
3
8
21
20
27
16
11
32
16
26
20
1
3
8
9
18
36
5
3
21
25
32
4
2
3
25
11
19
4
28
28
17
7
3
31
5
24
20
28
17
10
17
14
1
21
18
32
0
32
36
35
11
17
35
20
17
31
9
26
30
1
23
9
24
8
17
17
2
31
28
34
26
18
17
6
22
22
19
3
29
15
16
3
0
25
6
15
0
17
16
10
2
1
13
26
25
7
32
1
20
31
30
30
17
20
1
31
22
7
11
26
26
19
23
15
29
4
22
23
12
15
23
22
30
7
23
29
19
2
3
3
12
26
8
2
4
9
12
7
29
23
9
1
