     31
     10
     24
27
14
19
25
23
3
1
     26
     20
     20
16
25
25
     31
18
21
1
32
23
     24
34
    0
      4
12
14
25
23
5
1
7
     13
      6
     10
     15
     13
12
     26
     11
     10
32
18
25
1
5
12
     22
     13
     29
    0
     15
27
36
     20
     17
18
21
     22
     24
32
16
32
     20
36
     24
     11
     11
1
     29
5
     33
30
     24
     17
34
     22
7
     31
     15
23
18
9
19
      8
      6
7
19
     22
     33
    0
      4
    0
     33
     17
19
     24
25
21
27
16
     17
18
9
     24
    0
25
     35
36
      6
14
3
     29
     24
     26
      6
12
     24
     10
      8
     10
     10
32
16
      6
5
7
     28
18
     35
27
     24
     24
36
3
    0
     29
34
18
     35
14
     20
16
     28
9
7
30
25
19
     15
7
     35
      8
1
     31
     13
     17
34
     13
    0
     33
     20
32
     11
16
     11
     17
21
32
34
     29
12
36
12
     13
34
     26
    0
12
     13
1
9
      8
1
      6
     10
     10
    0
     22
     10
19
1
21
     13
3
23
     11
30
36
     11
25
    0
18
34
12
23
     31
9
18
     28
     26
3
     13
36
34
     15
3
3
     35
     29
9
     29
     22
     20
      2
     10
     31
     29
36
      6
     13
27
     26
      8
21
36
      4
     22
27
     20
14
    0
     20
7
14
1
     10
      2
     35
    0
     11
     35
     22
21
32
9
     28
     22
     24
      8
     31
     31
     17
     20
     35
12
      2
1
34
36
      6
     31
     31
     26
36
19
     33
     11
9
    0
30
30
12
     13
      2
     11
25
      6
16
     22
14
     20
     10
      8
     24
     29
23
7
25
32
34
27
32
30
     31
    0
1
     17
1
30
27
     35
7
27
     24
25
1
      4
     10
21
14
     17
5
5
     17
    0
23
16
5
34
     20
23
3
    0
      6
    0
     17
     28
     20
18
14
7
12
36
27
    0
     17
    0
3
     33
     35
     15
27
     13
18
9
19
1
     10
     26
     31
3
     11
     35
     29
1
      2
19
     20
     15
21
1
      4
23
     26
     33
19
     17
     15
19
23
9
     22
      4
      2
     15
14
     22
25
1
     13
27
36
      2
34
19
     20
27
     10
     35
19
7
23
     10
     29
34
     17
     17
18
     22
     13
14
     20
14
1
32
19
34
      6
     10
     31
14
     31
      6
7
     20
25
5
9
34
32
     29
36
36
27
     20
7
32
     13
     26
     26
25
     22
      2
     35
5
23
25
     13
30
     22
7
      4
     13
     26
     26
     13
     33
     11
     29
    0
     29
      6
23
     17
14
1
    0
32
3
      8
16
     28
     15
9
      4
     31
32
     17
      2
     10
     35
     13
     10
     35
19
5
    0
      4
      8
25
     13
     35
9
19
32
9
23
     11
