     17
5
5
     13
      6
     29
     35
27
3
     17
27
3
     22
23
     17
     22
     29
36
      6
21
     20
19
    0
12
14
18
    0
     33
21
      6
     31
12
     13
16
     28
     33
32
     26
     13
     22
5
18
36
9
19
     20
     33
12
     24
      2
34
23
      6
      4
36
     35
      2
7
12
19
     15
16
32
21
    0
30
18
27
     11
     35
     22
5
     20
     20
     33
21
3
21
27
     26
23
     11
7
     29
16
      4
36
36
12
     28
27
27
18
     15
25
3
     10
27
     11
23
      2
23
     26
     10
3
12
     15
     29
     13
      8
     26
18
      8
27
     17
     15
     31
1
21
21
     28
     17
     29
7
21
     11
      6
     13
1
16
27
12
      4
30
     29
     28
     35
     24
25
32
     28
23
     26
     24
36
23
7
     11
12
14
     28
7
12
16
21
      4
32
     13
30
     13
32
      6
25
     24
30
     26
12
     26
12
    0
     35
12
      2
     11
     33
9
      8
     22
      6
     28
     26
16
12
    0
    0
5
     35
     31
     24
     24
     31
     31
     31
     10
      6
9
     20
21
9
21
     31
7
27
34
23
23
      4
     35
     29
     20
30
19
      4
     15
      8
     20
    0
27
     35
     11
      6
12
     22
     15
21
16
1
21
19
9
9
36
     15
      6
     20
     28
34
19
14
     17
1
     22
     15
     20
30
     33
19
     13
19
      8
32
     11
     20
      6
9
      2
     29
14
     28
34
     24
30
21
     35
     11
      4
     31
14
     15
     22
     13
     28
7
      6
34
      8
     22
     24
     31
     33
      8
16
19
7
     11
3
     24
19
19
     29
     17
5
     17
     15
12
     35
27
12
     28
     10
5
     22
30
1
32
23
12
     13
     20
21
     29
27
      2
     26
     17
     29
25
     22
     15
3
27
      8
     11
3
     28
14
9
      8
9
16
     13
36
      6
      6
     28
     10
      6
      2
36
5
     26
     26
      8
     17
34
     33
      8
9
9
     24
5
     28
      4
21
     13
     29
9
25
     15
23
30
16
12
9
      8
16
     31
9
5
     22
23
23
     24
     20
    0
14
     33
     10
     29
      8
30
     15
     22
36
     13
18
     13
14
32
30
7
16
27
     17
18
34
     13
30
     22
21
32
     24
25
36
     35
     33
3
27
      8
23
      2
30
     28
     33
     33
34
25
3
7
27
     35
     28
16
     24
1
     11
25
     28
1
      2
     26
32
     17
     13
     31
30
19
     33
      4
     11
16
     33
34
      4
3
5
     13
3
     24
      8
25
     13
      8
21
      4
27
19
     29
9
     33
3
25
23
7
      6
1
     33
36
      2
     26
      6
19
30
34
     29
23
30
     15
      2
     22
36
7
5
14
      8
     33
     17
      8
      2
      2
19
     20
27
     33
     15
34
      2
     10
12
      4
