7
32
     28
      6
1
9
     10
12
14
27
      8
      8
     15
3
7
30
     11
12
21
     20
14
     29
     35
     15
     29
     33
      6
     11
5
34
    0
12
7
     15
     17
3
     35
1
9
     33
25
34
     35
36
     11
     13
     33
25
     35
      4
34
30
      6
      8
     35
3
23
     33
32
9
     35
     22
     17
5
7
      4
7
      8
     13
     26
34
32
     10
21
14
      8
     26
36
32
      4
      8
32
     13
     28
     29
     22
     22
     26
14
     31
      2
36
21
23
1
    0
     24
      2
23
     20
     35
     22
5
      4
    0
14
     22
23
     29
5
9
25
16
     28
     35
18
     33
19
18
32
     35
9
19
     35
     17
30
30
19
     15
     35
5
     31
     24
1
3
      4
     11
1
     22
23
5
19
5
     24
     24
     15
     22
7
18
21
     17
36
7
30
7
     10
23
27
18
      2
18
     28
     10
     11
12
27
3
      6
     17
5
      6
32
12
19
     11
     35
32
      4
12
     35
    0
18
      2
      4
1
     17
12
7
     13
25
30
      8
5
14
      2
     11
    0
5
    0
19
      6
      8
30
7
     33
      4
     33
21
5
7
23
     20
     10
25
18
      4
      6
18
     13
      8
     22
      2
5
25
      2
14
7
3
      8
19
     31
23
      2
     31
     31
5
     13
     24
5
19
     22
    0
     20
34
      6
     20
34
     29
     28
25
      2
      8
     26
     33
    0
23
     22
19
     24
     26
     33
3
     29
14
9
      8
23
     11
     11
30
    0
1
     11
9
     35
     26
      2
     26
27
9
     28
36
27
     33
27
      4
     15
      2
30
     17
     15
36
     13
34
21
     31
1
9
     33
18
     24
3
      8
     13
     35
32
3
25
25
      4
     10
27
12
9
     31
9
     29
     31
     13
     29
     10
      6
32
     26
18
     35
    0
     33
     31
      8
     10
      8
     29
     13
21
     22
12
27
14
18
25
      4
      2
9
     17
3
23
23
     22
5
     24
30
     33
    0
     28
     33
14
     26
      8
32
      6
     11
25
     24
3
27
     17
     31
     20
19
      6
     29
     31
16
      6
     28
     17
1
14
25
3
     10
1
34
30
25
21
34
     10
     26
     11
     13
     24
      2
1
    0
34
16
      2
     17
9
16
21
     20
     17
27
34
      2
21
36
     11
     15
32
     10
      2
      2
14
9
27
     10
     31
      2
     10
30
36
    0
3
30
     31
23
     33
     22
     10
25
19
     17
14
     20
     26
      6
     17
      8
     29
7
16
16
     24
21
3
    0
12
     29
     10
14
      6
     35
23
16
     26
      2
    0
     17
7
     20
12
     22
     26
5
     17
9
36
      6
      2
    0
     20
32
27
     20
9
27
3
     33
     35
     28
36
34
5
     15
    0
23
      2
5
     24
     20
27
     26
18
9
1
23
