36
     31
     24
19
     10
30
      8
      4
12
5
     13
     33
21
1
     35
     20
36
5
25
     22
23
      2
12
14
1
     20
1
1
     31
27
     15
9
36
    0
     28
      2
     11
36
     24
32
21
     15
34
     29
3
     11
34
     11
     10
    0
      8
23
23
     17
     11
     20
7
     15
      8
     28
     11
     26
     15
30
30
16
18
     10
     24
     28
18
     22
     26
25
9
     13
    0
12
1
18
      2
7
     13
     31
27
     13
     13
23
32
21
18
      4
30
16
     20
     31
     17
32
      6
     11
19
7
      8
      4
9
     11
9
3
      8
      2
     15
     22
21
     20
36
3
     24
18
19
     15
1
12
1
     15
      2
19
     35
     28
36
32
     24
30
23
21
34
    0
    0
     31
      6
34
5
12
36
      2
36
     13
25
     24
7
32
      4
34
    0
     15
     35
27
18
21
32
     29
32
36
     35
     17
3
27
5
     10
     10
     20
5
36
     35
7
     13
     35
     35
16
7
     33
     15
9
21
     33
     20
     28
     11
30
     22
5
1
5
23
      2
30
27
     35
32
     35
30
     24
9
      4
      6
21
7
21
14
      6
     13
14
     22
    0
1
14
27
32
7
     11
     22
     29
34
     24
19
32
36
3
     29
     29
     26
36
     24
30
     10
25
34
18
19
25
     26
     24
     17
1
18
16
25
7
14
     31
1
14
      4
      6
     22
     33
16
5
     10
25
     26
      4
     17
     20
     26
     10
21
30
5
      6
     11
36
     13
     11
16
30
7
18
30
25
5
9
     10
36
      4
     26
     15
1
      8
3
30
18
     31
23
34
     31
     29
     26
25
     33
27
     22
      4
     20
      4
16
     33
     15
34
     11
     10
     31
36
9
     10
27
12
16
19
32
16
    0
27
     26
      2
     33
27
7
     33
      2
     26
16
     20
      4
19
23
     17
1
12
     26
      4
     13
     28
     29
     26
     28
      2
     22
     15
      2
12
     26
14
25
     33
30
     17
     31
23
7
      4
21
34
9
    0
23
     35
     26
      6
     31
      2
      8
     10
     10
25
18
     24
1
     29
     24
     11
34
      8
     11
     29
1
      2
23
32
     11
     33
18
     31
5
19
23
     31
     24
     15
14
14
12
     22
      8
     24
    0
     28
34
12
     17
3
32
     13
     17
25
     10
     15
     29
     28
34
     13
     29
1
23
     33
     15
     17
9
23
23
7
     29
19
30
     11
19
     35
     26
32
16
     11
     11
     33
     13
23
16
    0
14
27
34
     28
     13
16
      4
     31
14
25
     11
      6
     28
23
25
      2
      6
     24
      4
     28
1
     29
21
19
21
     28
     20
      2
      6
9
30
27
27
25
     13
9
16
7
    0
     33
32
14
7
     31
     22
32
27
     31
     28
     17
     10
25
     26
    0
