25
3
     11
     15
     35
16
1
27
      2
7
      8
     11
     29
1
9
     10
     17
18
25
7
36
3
23
1
     31
     29
19
     35
16
16
3
     10
1
36
36
     35
12
     13
32
     15
14
      6
     20
23
     20
23
7
16
      4
30
23
     15
30
     13
3
     29
     17
19
18
36
     24
25
     26
9
14
36
14
27
32
16
     20
14
     13
     20
     17
     20
14
     20
7
16
    0
1
     20
      8
16
     28
3
3
     28
18
     13
9
3
     35
27
36
     20
     31
5
     10
     15
     24
18
     29
      8
     24
14
3
36
19
     13
32
     29
21
     20
     28
     22
      2
18
     13
     35
9
      2
     22
     10
32
     22
32
      2
32
     31
16
34
5
36
    0
25
34
     20
    0
23
7
    0
14
     26
16
12
     15
36
      8
     20
     29
19
3
    0
7
     20
23
      6
      6
     24
     15
27
     26
     29
     10
     35
     26
     10
     11
5
    0
3
16
     26
      2
     35
     10
27
34
    0
34
     22
     28
     24
     35
     24
25
18
1
30
30
     11
     24
    0
5
     20
     22
     10
     29
     33
     24
      2
     35
     28
14
     15
     31
14
     28
7
25
32
14
25
19
32
      4
     15
9
12
1
7
18
21
18
      2
     13
32
     11
     24
12
19
     26
     28
27
     31
3
     10
7
     35
     22
     20
     31
     29
     10
36
23
16
34
     29
     22
     31
25
    0
25
      8
21
      2
      2
      6
     22
     22
     11
3
23
5
5
1
14
     26
3
34
21
     24
5
16
     31
      8
12
    0
      4
     33
32
     33
32
     13
12
27
32
      6
     10
32
      6
     11
      4
     24
9
7
     10
     35
7
34
32
     24
     22
36
21
      4
     17
     35
27
12
     17
14
      4
      2
19
     15
19
     13
3
     35
     20
5
      8
18
     13
     29
     24
      2
     20
36
     15
     22
32
14
     28
     31
     22
3
21
27
7
27
     28
      2
25
18
3
32
23
14
30
12
     20
     26
      4
     15
     28
18
     26
     28
     15
     28
7
     24
9
      2
     26
      2
21
     26
16
1
12
30
5
5
     13
12
25
36
3
25
     35
     11
12
25
     28
     31
1
34
     31
     35
     13
14
     13
     24
27
21
16
7
      2
      2
32
14
      8
18
14
7
    0
36
16
1
3
3
     29
1
    0
     24
36
      6
16
     17
     20
34
      8
      2
     35
19
30
     15
32
     13
27
      4
     31
19
36
7
     22
     10
19
    0
34
      8
7
34
    0
      8
18
      4
     33
      4
34
    0
30
     24
9
18
23
      6
14
      2
5
19
     13
9
     10
     24
34
     28
     17
19
34
     10
     15
      2
     31
36
     13
      4
     24
     10
     24
     10
      8
     24
7
    0
     28
     31
     28
1
12
9
16
1
25
