16
16
25
21
     20
23
     22
21
30
12
     26
     29
    0
30
14
36
     10
     33
19
     26
     28
21
     29
      2
     20
34
     26
1
25
      2
36
     17
16
     31
     13
      6
16
     20
     26
     13
16
     10
      4
36
     10
34
      8
32
3
      8
7
     28
14
     10
     31
14
1
18
     31
3
      8
7
     20
     20
      6
     10
12
3
27
     13
      6
18
      8
25
     29
12
16
1
16
     26
     20
     35
     28
     13
14
     31
30
     10
     11
14
     22
30
25
7
3
      2
36
     15
      2
     35
34
14
19
     20
     31
     15
     10
      8
23
14
    0
      2
     15
     35
      8
7
     24
21
32
     28
      2
     26
     35
34
     33
     28
34
    0
9
      4
25
     24
     22
      4
18
     33
7
5
36
32
27
     29
      8
     24
      4
36
16
     17
     13
     28
19
      4
27
     31
7
      2
     10
16
36
     10
     10
     17
27
7
21
     20
34
      4
      8
     24
    0
12
14
     24
27
32
14
     29
23
     31
     17
3
     11
     33
9
12
3
     17
30
     35
     13
      2
23
      4
     33
     13
     35
     20
18
19
19
     11
      4
     10
     24
    0
     13
27
16
5
32
21
14
19
      4
      2
     29
36
23
    0
     31
    0
18
    0
     13
      2
     24
     26
12
     15
9
      4
21
     22
     13
      2
16
     33
16
     28
18
     15
      2
21
      8
19
16
30
     29
30
     26
1
     20
36
     20
     33
32
      4
7
     29
     24
     31
     10
     35
9
     35
     20
16
      2
18
27
     24
19
     15
     31
     33
     22
     10
      4
18
16
     17
     15
19
     29
     22
     28
19
12
     22
9
    0
     13
     26
27
3
7
12
      2
9
9
7
     29
16
32
     17
     31
    0
30
19
27
25
     29
18
      6
19
      4
27
     22
18
14
19
19
     22
36
      4
     11
     33
23
34
27
32
23
19
      8
     22
      8
16
     15
     13
     22
     13
     10
     35
     11
    0
     26
     13
     20
5
     22
21
9
3
     29
36
19
14
     29
3
32
      6
     11
16
     11
      4
12
9
      4
     35
     13
     26
25
25
3
12
12
      6
     24
12
     26
9
     10
     20
     15
      4
     22
23
7
3
      2
1
36
23
21
     17
19
32
     11
1
     33
30
     35
     26
3
     29
     17
     20
     28
25
27
     11
     13
3
21
19
1
     10
12
     13
    0
1
36
23
36
23
      8
      4
5
7
     26
      2
25
     31
32
     22
     13
     13
32
21
     20
19
     15
     31
27
21
     11
5
     10
18
     26
27
     11
     24
     11
25
32
    0
14
23
     17
     35
16
14
     26
     11
16
14
     35
     10
25
34
     29
27
27
     20
     17
     15
     20
     28
     15
      6
     11
5
     26
      2
19
36
     22
     26
9
    0
30
     10
     22
     10
     31
3
14
     17
