32
     33
     10
21
     13
     29
27
     31
14
9
     17
     29
9
     15
     13
1
     22
3
     13
     22
18
18
     17
30
     26
     26
5
     28
7
     15
     10
     28
     29
18
     20
1
9
23
14
     13
     11
     35
      4
     13
     31
     28
      4
     22
    0
      6
9
      4
     26
     15
9
     10
18
32
9
1
14
21
    0
     11
23
14
     28
1
25
30
     20
     26
    0
12
19
     35
     13
34
      2
     26
34
     22
     28
     28
9
25
12
25
18
     10
27
14
     28
19
     33
18
      2
5
      6
      4
12
     11
34
     33
14
      6
      4
25
9
12
34
     26
     31
18
      8
     35
     15
12
     13
3
     35
      8
     35
     10
     13
    0
     33
21
     31
     33
     29
    0
19
30
     20
     22
     28
25
     22
14
7
     22
18
     10
5
30
32
19
     20
16
     20
     28
     35
12
      2
      8
    0
16
     33
     20
      6
19
    0
     11
19
36
      2
19
     35
     17
36
14
27
5
      2
30
    0
     28
27
32
9
5
30
3
     35
     10
     15
     35
14
     31
1
     11
     33
21
1
     28
25
     17
      2
21
     28
14
23
30
18
27
     22
19
     10
     24
7
16
     15
     13
     10
     15
16
      8
34
9
30
18
25
12
     29
7
19
9
9
     10
1
25
      8
      6
     20
25
      2
     20
     26
21
     17
     33
7
12
7
27
14
25
18
     26
32
23
      2
    0
12
     35
5
     35
     29
      2
1
9
14
     17
21
12
32
    0
21
     35
5
14
     10
     33
     35
     10
25
     28
      4
32
1
32
     28
     33
3
     22
     33
16
    0
    0
9
     10
      6
      6
     22
14
36
      6
1
19
27
5
19
21
7
3
1
     29
23
     24
14
30
5
16
     22
     26
     24
16
30
1
     17
     24
14
34
      8
5
34
30
9
27
27
     33
     10
     13
     28
25
19
     33
7
     13
     29
12
     24
     26
     26
      6
     20
3
     13
25
     20
7
7
     31
34
      8
     11
19
    0
      4
      4
      4
     10
9
     10
     17
      8
21
      8
7
16
16
21
30
27
      2
30
9
     22
12
7
      4
      6
     26
     26
     17
     20
      4
     13
18
      8
     13
3
36
     20
     31
     20
      8
    0
3
      4
     24
      2
1
     10
12
     33
3
     22
25
25
16
     17
7
27
     31
      8
     10
34
     35
     35
     35
14
36
21
     26
     31
      2
     20
     11
     15
     11
     31
     33
34
36
7
     26
5
     24
     33
19
     35
     24
     26
27
34
30
36
     17
     20
7
32
     17
25
     28
36
3
     11
      2
7
      8
32
14
     31
36
     28
     10
     24
3
     33
     28
     20
27
1
14
16
29
16
7
34
     26
    0
     24
25
     31
18
30
     35
19
14
32
     29
     17
3
23
16
     33
      2
     29
