     15
      8
7
      4
     29
14
     26
     28
     22
7
     29
     22
1
12
16
     20
      2
     15
     33
19
     28
     29
     17
23
18
36
32
     35
     26
     10
      4
23
      4
19
     10
5
30
     17
3
     20
     24
      6
    0
      2
9
     33
12
     13
9
     20
     10
     15
23
     10
      2
     11
36
     35
16
23
21
     20
     35
     20
5
     26
      8
14
36
14
23
     15
27
     13
     29
     22
32
25
     28
25
      2
     22
1
     13
     35
     31
1
18
18
     22
     15
      8
21
19
     24
     24
18
     17
3
32
     35
36
9
      4
25
     13
16
27
25
1
     26
      8
     35
25
     29
    0
     28
     13
18
1
19
     13
     17
     33
32
18
      2
      2
     13
      6
     22
25
    0
     28
      2
      8
     26
     26
     26
     35
25
21
32
      4
     10
     26
     15
     11
9
14
     11
21
      6
     26
12
30
12
21
     28
     35
     28
30
25
     20
     28
18
     20
      8
     22
18
     31
9
18
12
36
     33
16
    0
      4
      8
32
9
21
    0
1
     11
27
     31
     10
18
12
     31
19
    0
      4
9
     31
3
1
23
21
     10
25
     22
    0
     22
36
23
     28
16
18
     29
7
25
      6
     17
     26
12
14
     13
12
14
34
     26
     33
     35
      8
     20
     10
      4
      4
30
36
     13
12
23
21
3
7
      8
     13
     15
23
     35
9
9
     20
9
36
18
30
     35
      4
1
27
21
21
     15
     17
5
     26
25
3
32
      2
    0
     35
7
9
21
     35
      8
      6
27
5
32
16
     24
      6
23
     15
      6
34
     22
19
27
     20
     15
14
23
21
    0
     22
     17
     26
     17
     26
     17
5
12
32
32
     29
      6
     11
23
7
     28
     29
12
     15
     22
9
     28
     24
16
     22
32
36
16
1
     24
    0
23
32
19
25
     10
19
5
3
19
12
     24
     28
7
9
27
      2
12
27
3
     29
     20
18
36
     35
12
      6
     35
5
12
      2
     31
     35
     11
      8
     24
     17
19
23
34
32
34
9
      8
27
     17
16
     24
     17
7
     28
27
      4
     11
      8
16
7
19
      4
     35
     10
21
     29
      4
     24
25
     11
     31
      6
12
12
     15
     17
     17
     33
18
30
     17
36
     31
     15
16
30
     35
21
25
     20
    0
      6
7
     26
     11
21
32
     10
     13
19
      8
30
     17
25
     20
      8
9
3
36
     35
     26
19
18
     20
     22
     26
     35
3
     26
25
23
18
     11
     17
     22
     26
3
     26
36
      6
     24
      4
     17
     22
21
23
25
1
9
     35
    0
     11
34
      4
     26
34
     20
9
     15
      4
     24
     24
     24
34
     28
23
     31
     15
     24
23
19
25
      8
9
     22
     33
    0
27
     20
12
     10
     20
5
     11
     24
18
12
14
21
7
12
