7
30
     10
1
16
     31
    0
7
19
    0
16
     28
25
     33
25
     33
14
16
      2
     29
      4
     24
14
     17
25
      8
3
     17
25
    0
     24
     28
      2
23
23
     28
     35
      8
16
     35
12
19
     17
14
     11
     28
21
36
27
9
      2
7
27
27
     22
12
19
34
     17
     13
      6
     28
5
     20
      6
    0
     35
      2
     22
     35
7
     26
      2
     24
      4
     17
5
     29
     22
     20
     20
     33
5
12
     35
     10
32
18
1
23
     15
     28
      4
      4
7
     15
7
19
3
     24
34
      2
32
     29
14
21
     20
     24
     35
23
     29
      2
     24
36
21
3
34
      6
1
7
19
     31
     31
     33
9
     28
     28
     29
     20
     20
     29
25
     17
     15
7
     35
     28
     24
      2
     15
9
21
36
3
     11
7
     29
     33
7
21
     17
5
     31
     29
     15
32
36
23
21
      6
      8
5
30
9
      6
    0
    0
9
     15
     33
1
23
1
     11
     31
      8
12
      4
      6
7
18
21
      6
     15
14
      8
     28
    0
      2
21
36
     35
      2
     26
      8
     15
36
7
36
     33
12
36
7
14
14
14
21
     22
     29
25
9
     26
     29
14
     33
5
     13
     15
16
14
     31
     11
     29
18
25
     33
9
16
21
16
      8
27
16
      6
5
    0
     22
      4
36
     24
     31
32
     10
     11
23
     29
14
      8
14
     10
16
34
     13
1
5
5
     20
1
     24
30
5
     33
32
30
25
     28
36
      2
      8
18
     31
     31
34
36
14
     24
     29
19
12
     11
30
7
3
30
30
27
7
9
     11
     29
12
     28
     35
25
    0
    0
     33
     13
     22
19
     22
7
12
     13
14
36
     28
1
7
     10
34
     11
14
     20
12
5
      8
      4
7
     10
      4
9
23
27
30
25
5
36
     33
36
30
      8
     22
12
    0
32
32
16
     17
23
21
     22
18
21
      8
     29
25
     15
     10
5
7
      2
32
30
18
12
16
1
      8
16
     31
     11
      2
19
3
      4
      6
14
21
     13
     11
1
3
    0
      6
     15
23
5
3
      6
      6
     22
32
5
32
1
     28
     33
     22
36
     22
     20
1
14
      2
     29
     17
16
12
     10
23
     26
23
9
     24
23
25
     11
      6
     33
     31
     35
32
     26
     17
27
36
      4
12
      6
     22
32
      2
30
25
5
     17
7
     24
     35
      4
30
     29
     29
25
7
     10
     22
     31
3
     29
12
     13
14
34
     35
36
     33
14
     10
     20
16
     13
36
21
27
18
     33
14
     22
     29
     13
     22
5
     33
     13
12
     17
      8
     20
25
30
      4
5
    0
     33
25
     26
14
25
21
21
25
9
30
     31
14
7
14
5
     10
30
19
3
      4
      6
21
     10
9
     20