    0
     26
     26
     35
3
      2
     31
     22
23
5
     20
     11
     33
     29
21
3
1
16
     28
9
      8
      4
7
34
36
16
23
     35
25
5
14
5
     24
     10
     22
32
    0
19
32
     11
30
      8
     11
     20
3
1
     11
     26
      2
     10
25
      2
3
25
     17
23
     13
19
19
     35
     22
3
    0
9
14
    0
      8
     28
32
     11
1
     11
14
3
     11
     24
32
30
5
27
     10
     35
     20
     33
      4
     24
7
1
     17
     17
3
21
     15
     33
18
     17
     26
21
18
     35
5
     10
27
25
9
     28
     24
     24
1
25
18
      4
      4
     20
      6
36
23
1
34
     10
34
21
      6
5
     28
7
     22
     28
     11
      8
     11
      6
5
     26
     20
      2
9
      4
     31
18
12
14
      6
3
      8
    0
      2
     26
23
     33
     22
      4
14
34
7
34
     11
23
5
21
     26
34
     17
     10
     20
9
9
23
19
    0
     10
     17
18
    0
32
9
25
     22
    0
12
     15
12
     29
7
     13
34
     17
      4
     33
9
     31
     17
      2
21
27
      6
      6
36
14
34
5
18
     35
36
      4
     22
     17
     26
23
36
     15
     17
9
1
      8
3
    0
21
     11
18
14
3
21
14
     10
     15
7
21
     20
3
7
34
     15
34
21
12
27
36
16
3
      6
     24
32
21
1
18
    0
34
27
16
3
14
      4
     24
1
27
     29
7
     17
18
12
     10
3
     35
     29
     35
      2
     29
34
21
19
      6
19
      2
     17
12
    0
     15
32
32
     15
     15
     10
30
23
3
23
    0
36
     33
1
14
30
18
     31
1
     11
      2
     10
3
     15
32
14
1
36
      4
     35
    0
      6
     13
23
      2
     15
7
9
      8
21
12
     29
     28
27
     31
     17
     26
     28
3
     17
     28
18
36
14
     24
     28
19
     10
19
9
27
     28
12
32
     22
7
      8
16
36
     15
      2
18
     24
     15
14
      2
18
30
9
     28
     35
14
     24
     10
      2
     10
16
5
     10
25
30
3
     31
14
     26
3
     29
     31
     15
      4
19
     35
7
1
     28
23
     11
      6
9
     22
3
     13
27
      2
19
     13
     28
     26
27
     29
32
     29
19
7
     28
    0
19
      4
3
25
     35
     17
21
      2
34
18
     17
      8
      4
9
     35
36
3
     10
      8
14
     13
     29
32
     35
5
     20
     31
16
     28
34
     13
     20
     13
30
      8
25
      2
     10
     28
32
7
     15
19
    0
     20
     17
      4
5
21
     24
25
     24
      8
34
5
5
     17
32
     33
14
19
23
30
     35
      4
     35
7
      8
9
1
     10
     17
     17
      8
18
      4
25
    0
5
36
25
30
      6
      6
12
     29
36
30
      2
7
     26
36
     24
23
3
25
18
