      6
21
19
9
34
30
32
      6
      4
     31
1
9
     28
     15
    0
32
30
21
16
23
     13
16
     26
3
     15
23
     20
30
     10
7
27
     28
32
     17
14
     35
30
5
     20
12
18
     13
7
34
     28
     31
32
    0
     20
12
     29
18
     26
36
19
     33
16
30
      4
     10
      2
     10
14
7
     20
     31
     28
     29
     15
     22
    0
19
5
19
     29
     35
     20
1
7
34
19
27
     29
21
32
21
      2
7
     28
34
    0
27
     26
27
     13
36
      6
      2
1
     35
      2
14
     15
7
1
      4
3
23
     17
1
18
     20
23
     13
     29
     35
     22
14
      8
     35
      2
     26
    0
9
32
19
14
     10
32
      4
     20
32
19
     35
     17
     10
    0
     17
     29
34
21
     35
5
     15
1
     20
18
     22
30
12
     24
      4
     33
25
      2
     33
      6
7
16
      2
     17
     22
7
16
3
     15
21
     28
32
     17
1
23
      4
36
7
5
34
     35
18
36
21
      2
      8
     15
16
7
      6
     24
      2
     17
     22
     20
12
      6
     17
     28
     28
25
     35
12
     31
      2
     22
      2
25
     11
     11
1
19
27
19
9
     17
23
19
23
      8
5
     28
5
     33
12
19
      2
     10
27
     35
     13
     11
9
     33
12
12
14
21
5
      2
     29
9
     35
32
     13
     22
3
     13
     15
14
16
    0
    0
     35
     11
    0
     24
30
     28
27
     22
    0
     24
30
23
3
18
     26
12
     20
     13
23
19
36
12
     15
18
     31
19
16
21
      2
     26
34
     26
     33
      4
32
     15
     11
21
30
7
     22
18
     31
      2
3
1
    0
     15
27
25
     17
     17
19
19
      6
     29
36
      2
23
     22
     15
34
     24
     15
3
     26
      8
     33
34
      8
     13
     13
     17
     13
     33
14
     35
     31
      6
    0
23
7
      2
     11
1
12
     22
    0
14
     13
     26
30
      6
      8
32
19
30
7
     13
      8
     17
     15
     20
     26
    0
     24
     28
34
     26
      2
7
19
     35
     35
34
     20
     11
      6
      6
30
      2
1
5
12
     28
5
27
14
     24
36
     15
     24
     33
     22
9
16
     10
3
19
      2
     13
36
36
32
18
     20
     35
36
16
23
     28
30
     15
21
     17
16
     24
23
5
     11
     29
7
14
5
3
     33
14
      4
21
21
14
     13
19
5
27
     33
5
34
     22
9
1
21
     10
     29
34
      2
     28
     33
     26
1
3
     26
      6
     26
30
23
12
9
     10
     11
18
     13
     20
     20
     17
      6
    0
18
30
     31
19
      2
32
    0
19
     31
     20
     17
19
9
36
19
16
5
     13
5
     17
     35
     24
     15
     22
     11
      4
19
     35
30
    0
     35
9
9
36
     29
     24
21
      4
     20
9
     11
1
     11
