      6
     20
23
30
25
16
     29
     29
     28
21
     10
      6
3
9
34
30
     26
    0
21
36
1
5
     13
     10
     33
9
     35
36
     15
      8
36
     31
     10
9
     26
     31
     22
5
5
     28
     22
32
1
     35
      4
     31
1
12
27
12
7
25
3
1
34
18
     10
25
30
     10
    0
12
     13
     22
21
      6
30
     10
23
     28
     13
1
     31
32
7
27
      6
     35
3
      8
12
     29
     13
3
     33
3
     28
5
     17
     31
34
30
36
36
30
25
     20
     28
23
     20
1
     24
36
     24
     35
21
     35
     33
9
19
     11
12
5
     24
     17
     20
19
     29
18
     17
     22
5
27
27
     15
     35
     28
     10
7
     33
5
12
     24
34
     28
     15
     33
     31
34
14
      4
18
     11
    0
7
5
25
     33
     22
     31
     31
1
7
     24
25
     24
      8
16
30
9
     29
     33
     10
     13
     33
     13
     35
18
     31
     33
16
     22
      8
1
     33
    0
     31
     20
25
     28
21
25
9
      6
9
     31
     24
      8
1
3
3
19
18
     33
     35
9
36
34
1
34
34
30
34
     20
     35
     11
7
7
12
30
     15
16
      2
      8
     29
     35
    0
     11
23
21
     20
     11
     13
     28
     17
27
     10
     29
30
     10
16
     15
     31
18
     26
21
      8
30
     15
34
9
23
      8
16
      2
19
     26
19
      6
14
     33
     28
     33
14
36
     24
23
3
     15
      6
     17
34
18
9
18
14
      8
5
3
     31
     26
     35
36
36
21
14
1
5
     31
      8
7
     29
     29
     10
     20
19
     31
14
      4
12
     11
1
     28
     13
     28
     26
18
     35
     15
     29
     31
7
      4
     13
27
     13
     11
23
3
23
      4
3
      6
32
14
     33
     15
18
      2
27
     11
34
     28
     35
     26
21
     33
12
21
7
9
     33
9
      6
     13
19
      6
9
21
     10
     17
21
27
30
     15
7
     31
      4
     26
      8
34
     17
     10
5
25
      6
30
1
3
     11
     17
      4
21
     26
14
30
     29
1
30
      2
     35
     29
21
     35
     10
     13
      8
     26
     24
     26
16
30
     22
1
      8
27
     11
     10
3
     35
     17
9
1
3
19
     17
    0
      4
    0
1
25
     29
     17
19
25
     22
7
14
     15
     22
23
34
      4
1
     26
     26
25
     31
1
     11
     10
     17
12
     13
      4
     20
12
    0
34
     35
    0
      6
     11
23
32
30
     17
27
     24
1
     31
5
     31
30
     33
     24
     17
     28
     15
23
     17
     29
36
30
12
     17
9
36
     29
     26
     13
     13
      6
      8
     24
     20
9
5
34
     10
14
     15
19
      2
5
      4
     26
     26
1
23
     17
7
     31
36
12
27
    0
      6
23
     35
     13
      2
23
32
     13
     17
     10
     11
32
     13
