     11
3
5
     31
     26
21
32
     10
     31
     17
12
25
     22
32
18
1
    0
19
     11
     13
30
     13
     10
    0
     15
     11
     20
     10
     26
30
18
19
12
27
30
19
     28
     31
     20
     24
30
25
12
     35
1
      2
     11
      8
     33
     10
     15
9
     24
     35
12
34
32
     22
     15
34
23
     26
32
36
14
3
32
21
     24
14
1
32
5
     17
7
19
     13
     15
     13
      6
    0
1
     10
      6
3
      2
5
14
     31
     24
25
     20
     15
9
     17
23
      6
1
    0
30
     29
30
     28
      2
     33
     22
27
16
27
     24
      8
14
18
16
     10
     13
     10
18
9
9
9
21
1
     31
3
      4
19
     29
21
12
     17
      4
     26
     11
27
     28
34
34
14
18
     33
5
     35
     33
18
     11
3
     29
     29
23
     22
     20
7
32
     22
12
      4
25
32
      8
     28
25
      2
     20
     31
     20
     33
34
34
34
16
19
9
     24
      8
34
16
     17
     31
     20
      6
     35
12
34
     22
      2
9
36
32
     24
     28
      8
12
    0
36
      2
21
32
21
      2
     26
1
      8
     29
      8
     11
32
    0
5
     22
     31
     11
      4
     24
34
     31
     33
    0
36
9
     26
      6
32
     31
     26
     11
3
14
21
     28
     20
     15
25
     29
      8
      6
     28
19
     29
9
5
21
3
     28
14
     11
      2
     20
32
9
     35
16
30
18
21
7
    0
     31
27
18
    0
     31
     13
     29
16
     22
1
9
1
     29
     20
1
     13
14
27
     28
36
30
16
25
     33
     29
     24
14
9
      6
23
36
      4
12
9
7
25
9
3
16
     28
     10
      8
     15
     15
36
12
     24
     13
    0
23
     29
30
     24
23
14
      4
     15
23
     29
     20
16
36
     10
23
1
      4
     24
23
     26
    0
     33
32
     24
21
     13
     26
23
16
     26
16
19
12
     26
     17
1
19
18
32
      4
32
     22
18
30
     10
     20
     10
18
      4
     13
9
3
     15
7
     10
27
      4
     10
     11
     17
19
5
23
1
    0
     17
      8
     17
     33
    0
5
     31
     29
34
      6
     24
     29
     26
9
3
3
      2
21
     15
     28
14
14
     26
3
7
9
7
7
      2
36
9
     35
     24
     17
3
     33
     15
34
23
      4
27
    0
16
     15
    0
14
5
     31
      4
25
5
9
3
     15
23
34
     10
    0
18
7
     20
     15
36
19
     28
     11
     35
      4
      6
7
32
     17
14
     26
16
     33
      8
     35
     15
     31
14
23
     13
      2
     31
     13
     31
14
     15
25
     15
12
     17
     22
     20
19
     29
     29
     11
     24
3
     11
     35
16
19
5
      8
      4
36
16
     22
14
36
30
     28
      6
     31
30
     33
      6
16
12
     10
     15
     26
19
     22
     28
     10
