27
19
     33
32
23
    0
     11
14
23
     35
     31
27
     17
      6
     10
     22
3
      2
     33
1
     17
      8
5
     35
34
30
36
21
     26
36
     24
      8
12
     22
3
      6
      8
     15
16
1
23
     26
      8
12
25
     33
34
36
36
     10
     26
     15
    0
25
23
      8
      6
16
18
     35
     26
30
9
27
     13
25
     11
23
      2
30
12
     20
21
      6
5
      2
34
3
     26
19
     24
     29
     22
30
14
27
     13
18
     28
32
     22
18
16
     17
     29
27
30
      4
23
5
      6
     20
25
19
      8
     29
      4
3
3
     29
3
32
      4
      8
     10
7
14
     24
30
19
3
1
14
     24
     29
36
    0
14
16
23
23
34
34
     15
     11
23
     11
     33
     13
    0
     17
     28
16
     24
     11
9
     11
     10
19
21
     22
     13
     35
     10
     15
1
34
34
36
      4
     11
21
     31
3
19
1
     22
5
18
      4
21
      2
9
25
36
     22
    0
32
     13
      8
27
21
     17
1
     26
     24
14
14
25
      8
     31
19
     35
19
16
     13
     22
14
    0
      6
     31
14
12
25
     17
30
     10
     24
     10
     20
     10
      4
18
18
      2
     13
     31
32
     10
16
     13
5
      4
     15
     17
34
      8
18
23
23
     31
     24
     11
     33
      6
23
    0
      2
23
      6
30
     28
5
     33
     35
     20
30
     10
     31
     35
     17
      6
     33
     22
     24
7
     35
     22
16
     15
12
     31
30
      6
     10
14
     20
12
     20
     17
23
     11
     31
     22
     11
32
5
     17
32
25
     13
     17
     15
      6
     17
     15
30
12
     31
1
18
19
     15
     11
     29
     20
14
      2
     35
34
     17
     13
      8
      4
25
23
5
1
     20
     10
18
     24
25
21
3
     22
30
     31
     11
     29
25
     33
     20
      8
23
19
     20
19
3
     13
     13
7
18
3
32
36
1
     29
     22
5
    0
      4
     10
     13
     33
     17
9
     24
7
     26
      6
23
21
      8
9
3
9
19
36
     29
14
     26
      4
     13
     26
     26
     22
1
     28
      4
     29
3
14
     24
     15
     22
3
     22
3
3
     26
27
1
5
     15
     28
18
     24
7
36
      8
     10
     24
     15
    0
     13
     26
     29
27
5
30
19
     28
      4
34
     13
34
7
9
9
27
     29
     28
5
14
     26
     29
12
     28
     31
     24
25
     22
     28
     26
3
25
27
27
     15
9
      2
9
21
34
27
18
1
32
     15
     17
25
12
18
     26
     15
14
     15
3
27
3
     11
     24
18
27
      8
1
1
     26
     28
3
21
3
36
7
18
     20
     20
      6
     24
     10
     17
     29
36
19
     33
30
     24
1
25
34
     20
7
     35
21
3
     24
19
     10
7
     13
      2
7
1
5
30
12
     15
     26
     29
