     35
36
     22
      6
    0
36
16
18
14
    0
25
     13
     26
25
     24
     11
18
     24
     29
     22
     29
36
     22
      6
     31
19
16
1
23
18
      2
     31
     24
     31
     29
36
     31
18
1
1
19
      4
14
     11
     10
36
18
1
     29
23
     28
      8
36
30
     33
     26
30
     28
    0
     11
     35
34
9
     35
      6
     24
16
25
7
    0
    0
     28
      8
36
     15
     28
     24
     17
    0
     22
18
14
16
     15
    0
     20
32
      4
1
25
     24
25
      6
34
     28
32
12
     15
     15
3
9
     31
     26
     24
     17
     13
      4
14
     10
5
      2
12
     10
      6
     35
9
14
      4
27
5
27
16
      8
      6
      6
14
3
      8
18
     28
23
     17
     17
14
25
      8
     31
25
     13
      2
18
21
1
     31
27
19
     22
     33
23
      4
     15
     26
14
1
      6
36
1
16
19
     13
21
3
     15
      2
19
     26
     31
     10
3
      6
     24
1
      2
30
30
19
     35
      4
34
     11
     28
32
     10
     15
30
27
3
     17
      8
30
16
     31
32
     35
23
9
36
      6
     20
27
     33
     15
     33
     15
25
16
     28
7
16
      4
     28
9
     22
27
     13
16
1
     17
9
     26
      2
18
     11
16
36
    0
3
27
      6
14
     24
12
     11
     22
18
     22
      4
9
     24
     26
      6
19
30
      4
     29
     22
     20
7
23
     10
     31
     22
     28
     17
32
     20
5
     15
     26
9
9
3
     24
9
18
      8
     20
3
21
     35
     28
     20
7
     26
16
     20
25
      2
     29
18
34
27
      4
25
      6
1
     33
5
     15
     22
32
36
     17
     15
18
5
16
     28
     10
     31
34
5
21
     28
1
     33
      4
     15
30
     13
21
     11
7
     13
7
     33
23
3
7
9
23
     15
      2
16
     31
7
23
     35
32
    0
     33
     31
9
     13
     15
30
      4
14
      6
25
34
      4
      8
34
16
     10
     33
25
     10
      6
     33
7
5
     28
7
14
30
18
16
14
32
14
     31
     10
     28
     31
     35
     26
7
     26
     33
7
     33
16
27
     26
3
16
12
30
     22
12
    0
21
     13
1
      6
     15
      2
19
     17
     13
19
7
     33
23
     10
19
27
    0
     20
12
32
      4
16
    0
1
14
     35
36
14
    0
      6
      8
     10
     33
36
34
      2
     31
      8
     31
     20
      4
     29
23
     28
5
12
     35
     10
32
21
32
16
1
     35
     11
     20
25
27
     11
18
    0
     24
9
     20
34
     24
9
     28
32
18
9
30
34
32
32
16
     33
      2
32
21
     15
      4
34
36
      2
     35
25
     20
23
     13
     33
23
7
     31
     24
     10
30
      4
7
     13
12
21
23
     26
30
      2
     31
32
     15
36
     22
     10
     22
      8
25
     35
     13
