25
      2
34
7
9
     35
     35
25
     13
16
     13
      6
36
21
      4
      2
     20
7
     17
     24
32
    0
     29
    0
21
21
      2
1
     17
     26
36
     29
19
     33
    0
     26
14
9
     20
34
12
12
     20
     10
7
14
21
9
     11
     24
12
5
32
1
     31
27
     22
     26
     17
27
     26
     11
23
5
     33
16
     10
18
23
1
     35
     35
18
32
     31
32
     11
25
14
     17
1
     13
     33
12
      6
34
     11
     20
     20
     29
12
3
     29
7
32
12
      6
5
     26
     35
34
     11
34
36
21
19
18
     28
30
     35
     26
25
     11
7
3
     20
3
     26
23
21
5
32
     11
9
     33
     10
23
     28
7
     13
9
      6
     31
     11
     17
18
14
34
14
23
9
      2
1
    0
    0
    0
      4
     17
     20
     10
34
12
      2
     15
12
    0
     13
36
18
     31
     24
25
     20
36
19
32
14
27
     20
3
27
     24
     26
23
23
23
21
7
16
      8
      8
     10
14
34
34
     33
12
16
     26
32
34
18
     22
    0
     35
      4
     28
     22
16
    0
    0
     10
      8
     11
     28
9
21
     22
      4
     33
19
     35
36
      6
      8
      4
36
     28
16
5
     13
32
     17
     24
      2
     31
     15
     29
     28
     15
25
25
5
21
     33
     22
     15
     13
21
     28
     24
     24
     26
     17
19
1
     20
      2
19
     11
     11
25
16
     33
19
7
     22
     26
1
     31
     20
1
14
     15
3
      8
3
9
27
     31
21
     24
5
     26
     20
23
5
14
18
     15
     28
     22
7
     17
12
30
21
     11
     29
19
12
21
     24
1
25
9
     28
12
32
     28
12
     35
12
     26
16
     28
      2
27
32
34
     20
14
27
16
23
27
36
      6
     24
7
25
25
3
21
     24
     24
36
5
34
     17
34
23
     20
23
     24
30
21
     28
     33
32
     15
     24
7
      8
21
     24
     15
     17
3
18
     20
      6
3
     26
     35
     33
32
    0
     31
      6
5
     24
32
     24
25
      6
1
30
     24
     20
     35
14
     17
      4
36
3
     20
     10
     10
     31
     33
     31
     13
     29
     11
     28
     10
     17
25
7
      8
     11
     20
     22
     10
19
3
14
     11
     17
     28
19
     13
9
32
23
      2
18
     17
16
     22
     31
      2
1
     15
16
     10
5
     10
36
25
19
21
9
9
     22
     33
     13
      4
     24
23
25
3
     22
5
12
27
5
12
     31
12
30
36
    0
1
36
     29
14
14
16
     11
     13
     33
     28
     31
     31
34
30
21
1
18
     31
32
7
5
1
     15
25
     33
1
     17
     26
16
3
     17
12
23
     15
36
     22
5
18
     10
19
30
14
      8
     17
     13
     26
30
23
     13
     11
30
5
21
32
     13
9
