      2
16
      6
27
      2
16
36
34
9
     29
34
     26
      8
9
     28
     29
     24
30
14
     20
14
19
      2
      6
     22
     33
     28
    0
     31
14
19
      2
21
     20
     26
     26
5
9
     26
18
     13
     24
9
21
12
     11
23
12
19
9
16
     10
32
     29
27
14
     15
1
     26
     13
      2
      6
     20
18
     26
27
     26
18
      8
12
      6
25
12
     17
19
27
     26
     29
     31
16
27
5
     26
      8
36
23
     33
27
18
27
      8
34
1
     10
     17
     22
     20
     35
      6
36
9
      4
     26
     29
3
     20
32
19
16
     17
30
      6
     10
     11
     11
     13
16
     31
     10
9
32
     13
27
     22
3
1
27
5
     28
     24
     33
34
     35
3
14
30
18
      2
25
     15
14
14
      4
     20
27
12
21
32
23
     29
     26
30
     17
14
     26
23
     13
     22
32
     10
      4
     28
1
36
25
     28
1
19
34
7
     28
     26
7
19
32
34
     11
14
     10
     22
     29
     24
34
     17
     33
     11
     33
     31
16
    0
34
     13
18
27
     17
34
     11
      6
     24
     24
      4
     22
9
     29
     35
32
      2
     15
23
1
32
     31
36
12
     33
14
     26
3
32
     11
      4
     13
23
     26
      6
9
7
3
     15
      6
19
14
9
30
     33
      2
1
     24
12
     24
21
     33
      2
3
3
     15
      2
36
     33
     15
27
1
9
     26
     33
9
7
23
32
     17
     29
     22
     28
23
23
18
     17
     11
23
     29
     28
     35
     33
      2
19
     13
     24
      2
     15
18
     11
32
     15
9
36
     35
      4
      2
     33
    0
12
27
     24
21
30
     33
5
     17
      8
32
     29
     20
     15
     22
9
3
     13
     26
     26
    0
30
     29
      4
36
25
     11
     17
34
     15
30
16
27
21
      4
     11
9
21
     33
     11
     11
     35
     15
25
7
19
     35
     28
     15
     11
     28
     29
     15
16
     33
3
     31
      8
21
     26
23
     28
     35
3
1
      8
     24
1
      8
34
9
     26
      4
     31
     17
9
5
      6
19
1
      8
      6
34
     28
9
30
19
     10
21
     17
     26
     15
32
25
     33
30
     26
    0
34
1
32
     33
30
19
     29
16
16
      8
     10
     26
27
     20
30
     26
30
18
     26
1
    0
     15
9
1
21
25
14
16
    0
12
1
     31
9
     17
     28
27
14
1
25
     20
16
27
     24
23
      8
25
36
     22
18
     22
     26
5
     28
     13
      8
36
3
     20
     20
9
21
9
21
     10
1
     24
9
      4
     15
     31
27
1
     26
     29
    0
      4
     13
9
19
     11
     22
      2
     17
      6
    0
      2
     26
18
     13
     35
     31
     26
     33
      2
     11
      4
5
3
21
     33
      6
27
21
     28
      6
27
     28
     17
     24
34
     24
     26
27
