25
     10
     29
3
36
      8
      2
3
     28
     26
32
     22
34
     10
     11
    0
     17
9
     31
     29
9
     33
     33
21
5
      4
     20
     15
     26
     15
     26
34
     24
30
     29
36
      2
      8
     29
     35
23
     35
14
     35
     28
14
      8
     22
      8
34
     20
1
21
      2
9
     17
34
     31
     24
      2
14
     31
30
18
    0
19
25
     26
9
1
32
23
     24
     29
     35
12
     10
25
30
14
     29
     20
30
      8
14
      8
27
     33
     22
7
3
     15
30
12
25
     29
25
     10
     22
3
3
30
12
    0
     26
     15
      6
      6
     35
14
      4
9
3
      6
     10
     31
     22
     28
      4
14
     15
34
16
      4
1
1
     24
3
19
3
     13
     24
12
5
     29
      2
23
      8
34
34
36
36
3
30
     24
    0
      2
21
18
18
      4
     13
      4
7
     11
27
     11
     11
16
21
1
36
     10
27
27
     35
    0
      2
36
18
     24
27
      2
     29
     10
3
5
      4
23
     35
     24
     24
1
1
     13
23
34
34
     10
      4
14
     22
     28
19
3
     33
     15
     20
23
5
12
     26
      6
     13
16
      6
25
12
27
     24
18
5
5
14
     13
     17
9
     33
30
     33
     15
21
     11
     22
32
     29
      8
25
14
18
34
7
36
34
36
21
     31
     20
1
      8
3
     10
     24
     29
7
14
21
      6
     22
3
25
     29
     10
27
     20
14
23
     28
16
30
     24
      6
     24
7
     35
     28
     10
     35
      4
34
     24
     11
16
      6
     29
     15
      8
     15
     26
16
     29
36
7
     17
36
      4
      6
     17
27
9
12
7
9
3
     29
5
7
1
    0
     22
     31
30
12
      4
25
     20
27
     17
     17
     24
14
19
36
      8
5
     10
34
     26
16
32
     31
27
7
     35
32
      8
23
     35
     15
      6
21
21
     10
9
3
     33
      4
     15
     28
    0
12
19
16
25
      6
      6
21
      8
23
      4
9
3
     31
     35
     31
25
     33
14
21
      2
12
12
      4
     20
     15
    0
12
     22
9
25
     17
14
     26
     31
34
     29
     22
19
     13
     13
12
3
     11
36
     31
36
     29
     22
     28
1
5
      8
34
      6
    0
     31
25
12
1
     11
12
18
25
      4
      4
32
     28
     29
5
    0
36
      6
5
     24
12
     26
      6
     24
     15
27
1
18
      6
16
    0
3
     17
19
     15
3
     26
25
     22
7
     20
     15
     20
     24
     20
      8
23
5
      6
     29
9
1
      2
      8
25
     35
12
     31
23
     26
      4
      8
     11
    0
      2
34
9
     20
     29
      2
     17
18
14
      4
32
3
23
21
     24
16
     24
      2
     31
     24
16
18
    0
9
     33
7
34
     13
     24
     22
30
     13
36
25
     26
      6
27
     33
     15
     35
5
18
