     26
36
23
21
25
     26
16
30
1
23
    0
     35
19
      2
25
      6
1
14
     29
      4
14
     22
      2
      4
14
14
     31
     24
9
1
36
     11
18
16
19
     31
21
25
     10
     24
     10
7
32
32
1
      4
     35
5
      2
19
21
     15
      4
     33
27
27
3
      6
     26
     15
32
30
16
30
      6
     31
32
30
     22
32
9
     26
     15
     35
    0
     13
9
7
21
     20
30
34
     29
     15
      4
     26
     31
14
34
     24
    0
12
     24
     26
21
     11
      4
18
     29
9
     35
     22
1
     13
     11
3
5
     24
     11
      6
12
      8
     10
     35
21
     28
19
27
     10
     17
     17
36
     26
21
    0
27
      4
7
     29
     17
27
      8
    0
     22
     33
23
      4
     31
30
      2
     31
     15
27
     31
3
7
3
3
21
     22
14
     29
14
12
19
     20
1
      8
     11
      8
18
30
     28
      4
5
16
     24
     15
    0
16
     26
     26
16
25
21
7
      2
7
23
     28
23
      4
     20
25
     31
     13
18
     26
32
     24
     33
     22
3
1
     17
27
      8
     26
32
3
1
     35
     22
     10
     15
     28
     17
      6
      8
    0
     29
     17
     29
5
      2
18
     22
     24
32
7
1
     20
9
     26
     15
     17
21
     10
      4
     26
      6
    0
      2
12
      6
34
     15
     35
36
30
     24
34
23
18
     31
14
5
9
      4
     31
36
      4
      4
      2
     35
9
     10
     26
18
1
21
30
     29
     13
34
      2
     13
34
     17
7
27
     33
     28
36
      2
     20
18
     10
21
     26
     20
     26
      8
7
12
     28
     29
     33
     15
5
      4
25
      6
21
     13
     29
     15
36
     22
     10
     17
     17
     35
7
30
32
7
3
     31
     31
     11
     31
     20
14
19
19
19
7
9
      6
23
     31
32
5
18
     29
      4
25
19
3
     29
     29
16
16
     33
      6
25
36
12
     17
      4
34
9
     20
     20
18
     31
27
12
32
36
     17
18
     11
30
     17
23
     22
21
     29
     29
     11
9
12
     10
25
23
25
1
7
3
3
     33
     29
12
18
     17
36
16
      6
27
     35
     33
     35
36
7
     15
      6
      8
     28
14
7
23
34
30
9
36
      2
19
16
     10
      8
34
     26
     24
12
     28
23
     31
36
     24
1
3
21
     35
     13
     33
     17
      6
     22
     33
18
27
     22
     10
     13
     20
     22
12
1
30
25
     28
     24
21
18
32
     35
16
     26
     17
     10
    0
     13
12
     28
14
16
30
34
     22
     22
    0
16
     15
3
    0
      8
     17
14
5
      8
     29
     35
23
32
      8
     15
21
5
18
23
     28
     33
      6
     10
     24
     24
     28
     17
34
21
3
7
     33
16
     35
      8
30
      2
3
      4
     10
30
18
     33
16
3
     20
9
