      4
36
18
3
32
32
     29
18
14
      6
      8
    0
     20
      2
34
     13
1
27
     15
     15
     10
     29
     33
36
19
7
     33
27
      6
     29
1
3
     35
14
     26
      6
18
      8
16
      6
     13
32
     24
9
19
19
32
     28
     35
     28
25
     33
25
      2
1
     24
     15
      8
     31
19
     10
32
     26
14
7
1
36
     33
9
     11
9
     26
     33
     31
     15
     17
    0
1
18
      2
      2
    0
21
14
     29
      6
      2
     24
     29
5
5
36
25
34
1
     11
     11
32
30
     28
     33
36
     24
     33
19
     33
     28
19
21
9
12
19
3
12
12
     15
    0
14
34
16
      8
      6
     29
      2
     15
14
5
     13
     33
32
     22
     11
23
25
     20
19
     24
     31
36
36
     26
     17
3
     28
23
     29
     33
21
27
5
32
      6
      2
1
     13
23
19
     22
     31
5
19
     22
     31
     22
     29
     11
    0
27
     20
18
     13
23
27
3
19
3
      6
16
      6
      4
    0
     11
      2
9
     13
21
     17
     20
19
30
     10
     17
    0
16
     22
14
34
     31
19
27
32
3
19
     20
      8
27
30
5
27
27
      6
32
16
34
     35
21
     29
     10
      2
     28
      4
     28
36
14
36
     13
36
     10
     13
      4
23
      8
36
     35
9
7
     22
14
9
     29
     33
5
      8
21
     15
    0
     20
14
     28
18
     28
1
21
36
     33
23
     20
21
     28
32
21
     24
25
     15
      4
32
5
1
     17
     15
    0
27
     35
36
14
    0
23
23
16
21
21
9
     31
9
7
     22
     31
32
14
      4
     22
34
14
32
9
30
27
9
1
25
     31
32
     29
21
21
     10
16
     31
     35
     20
30
     15
     22
     15
25
5
32
     29
     35
      4
21
18
     10
     29
     28
    0
     22
     33
19
    0
36
      6
      4
     28
12
16
     22
     29
     22
36
14
30
1
     13
23
23
23
      8
     17
      4
19
     10
19
     10
     22
     35
     17
1
     35
3
     10
18
     20
12
     15
1
     24
30
      8
7
     29
25
    0
    0
32
     11
3
19
      6
7
     35
7
     13
32
    0
      8
     15
1
     11
18
     31
34
     20
21
     20
1
     29
21
3
     20
      6
     10
25
     20
      8
1
18
12
25
      8
     17
7
14
     13
     31
      2
3
     24
    0
36
     26
      8
     11
7
9
14
    0
      8
18
16
12
21
     31
     13
7
    0
     17
23
    0
18
34
30
     11
12
12
     13
     26
36
32
21
7
23
     29
     22
7
32
30
     22
36
1
      6
     10
     22
     11
1
1
7
      6
     35
16
     24
21
     22
1
27
32
16
     35
30
27
9
3
34
     22
12
5
     13
30
     35
    0
     26
36
      4
16
     29
36
23
      4
     31
23
