     26
3
     28
     11
16
      4
12
34
     33
12
23
     22
     15
     26
7
     17
27
     22
     11
     33
      8
      8
     24
14
      2
34
18
5
7
     17
32
     33
     13
     13
     33
5
23
19
     22
     33
      6
21
     28
     28
      6
     17
      4
25
      8
      6
     10
     17
     11
     22
14
     17
     17
     10
     26
21
    0
34
      2
     20
     33
23
     26
1
     31
     35
      8
25
18
5
30
32
9
25
36
     28
     11
27
     35
     20
32
21
     26
     20
30
25
16
     20
14
     15
     17
      4
      8
21
19
3
19
9
19
     33
      8
27
     11
      6
      6
      8
      6
     35
3
1
     26
     10
9
      6
      2
19
19
      2
     28
19
9
     31
     10
14
27
     22
27
14
     17
9
      2
32
19
     11
27
     28
     15
     10
19
32
     29
5
12
19
12
     11
      2
     35
36
     35
18
      2
18
18
    0
18
     24
     13
     15
     33
9
     24
36
14
16
     20
     33
     15
23
     20
     33
27
18
     22
7
     26
     33
9
32
      4
     35
     33
21
      6
19
      8
14
     22
     13
     17
27
21
23
12
     28
19
     24
      4
9
      4
32
     33
     13
      6
     15
14
      8
     10
     15
     35
30
     10
      8
     15
19
     24
9
5
     15
     15
      4
     29
     17
16
36
9
21
5
21
12
      2
     15
     33
23
27
     29
12
1
     20
7
    0
     10
23
     28
30
23
25
21
3
25
27
27
30
     26
      8
    0
     33
     26
21
      4
      2
      6
     17
36
      2
16
     13
1
3
     15
     31
     17
16
5
      8
30
14
     17
30
      4
36
      2
    0
23
      6
     35
     15
12
     11
     26
     11
5
16
12
18
     29
      4
     10
     20
     13
25
     11
      8
7
     13
14
36
     22
      2
     11
     11
3
     26
36
     20
    0
      6
      8
     20
     26
1
     35
3
     13
     10
     35
21
     31
3
     20
    0
      8
     20
7
     20
18
30
     24
     13
     22
7
     22
      6
21
32
1
      8
      6
23
      8
9
     28
1
      6
19
     35
     20
36
     26
      2
    0
25
5
      8
27
7
5
     35
      8
12
30
     11
     20
     10
     17
7
     26
     28
    0
     22
     22
      4
      4
7
     11
12
    0
7
3
      8
     33
    0
     31
     20
     35
23
12
     15
30
     35
25
36
     31
27
3
      6
     31
23
     11
     17
      6
     22
     35
16
     13
7
     20
      6
     15
3
23
     24
     33
     24
     24
16
     20
     13
34
30
27
      8
     33
     35
     29
      2
27
12
30
5
30
     15
     31
     29
1
5
34
     15
      2
23
9
7
16
19
19
     20
      8
19
     15
      4
      4
14
     24
34
     24
27
7
     22
      2
     20
30
     29
     15
      4
7
     15
16
      8
34
     10
     10
16
21
     13
      8
23
14
     15
    0
     13
     10
     13
30
    0
     29
16
