25
30
21
30
12
14
25
    0
19
16
     11
36
     13
     29
      4
3
7
     29
      4
      4
     22
1
    0
21
7
     29
34
     22
3
9
     29
30
    0
30
     10
7
3
     29
19
30
     31
      6
      6
34
      2
      4
9
     31
14
     17
5
     11
    0
     10
     29
12
23
     22
27
36
1
     17
27
1
23
34
19
12
9
12
     31
     10
      4
12
25
7
19
     15
25
18
      4
32
     28
27
27
      4
12
     11
     17
      4
      6
1
19
9
32
     26
      6
      6
1
36
      8
      4
16
18
      4
    0
     15
     11
12
     28
18
     22
27
21
     10
30
     28
19
14
      4
34
18
      8
     17
7
21
     22
9
21
      2
     31
27
     17
34
      2
3
      8
19
    0
23
21
19
     26
18
      2
30
32
7
     26
     24
      2
25
     17
12
      6
     20
3
     22
      8
     20
     11
     11
14
     15
     26
     20
     28
     22
34
14
     28
     29
9
     29
     13
23
     26
     15
     22
12
9
32
12
34
30
19
25
     24
36
30
     10
      4
     31
     35
      6
      8
     24
     17
     15
     17
34
      8
      2
     13
     13
19
23
      4
14
9
21
     11
      2
9
     31
      6
      4
     31
     26
12
      8
36
      8
     20
34
    0
19
27
14
    0
30
     15
     10
9
     10
27
27
     13
14
     28
     15
    0
      2
     13
34
     26
     10
34
     10
16
     31
21
34
18
     22
21
18
     13
      8
     26
     28
14
34
30
     26
30
     17
12
21
     35
     33
    0
     15
5
14
     22
1
     33
5
     28
      6
21
     15
14
9
      2
7
     33
     22
25
     26
9
     13
19
30
     33
     33
     13
     29
      2
     10
14
     20
30
     11
     11
     11
12
9
      2
14
18
3
30
     13
      2
     31
9
     31
5
1
1
     22
3
     29
     17
21
3
16
      6
32
      6
21
     24
     17
     31
      8
30
     22
     15
     17
     15
     10
7
     20
     28
     26
12
     31
1
     31
     35
     22
16
     31
     15
     29
32
16
7
      8
     20
     35
21
     28
     31
32
23
9
      2
27
18
14
     33
     10
14
18
     11
     35
     29
18
25
19
     24
3
1
25
32
     22
5
     20
5
     11
    0
      2
      8
19
18
     26
      6
      6
19
7
     35
     26
1
     28
25
     17
     11
30
     22
      8
      4
     26
3
7
     24
3
     33
     28
      4
19
     20
     20
18
3
19
     31
27
19
36
     28
9
7
     20
     10
     13
      2
18
34
32
     22
      8
25
5
     11
     31
     31
     20
      6
    0
     33
1
12
      4
21
     35
30
21
    0
     10
     15
    0
      4
     22
12
16
     35
     10
     29
      4
      4
     10
27
     13
5
23
32
      6
     11
     33
14
      2
     24
1
     26
      4
36
     35
      8
32
     22
25
     26
     22
      2
      8
34
    0
