     28
     17
9
7
5
     26
23
23
32
23
21
     20
     29
12
27
30
5
     31
      8
32
      2
32
     35
14
3
16
3
7
     17
     29
     13
     22
12
     17
      6
     29
27
16
     31
     29
16
     15
     13
    0
     33
19
25
9
14
7
5
     17
12
25
32
34
19
    0
18
     26
23
27
      4
     28
     15
25
18
     20
     13
27
9
     33
     28
    0
1
      8
27
14
     31
36
30
23
27
21
3
     11
     29
19
19
     20
1
32
     33
34
     33
34
21
     13
19
     33
     17
     17
     26
     28
1
      4
     15
30
18
     22
25
30
     15
      4
     15
34
27
25
7
34
    0
9
18
     20
     29
     15
     17
     29
18
32
25
30
21
     26
     29
     31
      8
32
30
16
32
19
23
14
19
     35
     24
3
32
     20
      4
      6
5
      8
30
3
9
     13
     33
27
     10
      2
    0
     13
      4
     10
      2
16
34
    0
30
32
12
    0
16
7
5
     22
     10
34
     10
30
27
1
21
14
    0
36
     33
     17
     35
     15
     24
     35
     24
     28
21
     24
     33
5
     22
     35
7
16
     29
    0
12
      4
18
     22
36
     24
21
      4
     17
     11
3
     26
     11
     26
     24
     13
      2
1
1
     35
25
      4
     31
     17
30
12
1
3
     29
14
25
36
     22
     29
23
      4
     17
      6
5
     33
36
     31
19
32
     35
36
      8
      8
19
3
32
18
25
     17
12
     26
19
      6
     28
     31
     28
     28
34
     17
     33
     33
19
9
30
30
1
25
      4
     26
      8
     29
7
27
     28
     20
     22
     31
     24
9
30
     26
      8
16
30
12
32
     29
18
     10
     24
     28
      4
21
      8
      2
     20
    0
     29
1
1
     15
     10
34
16
30
     35
27
12
     35
21
     22
     28
     11
12
     13
    0
     26
      8
     10
27
12
16
34
     20
     10
25
     28
18
     13
23
      6
18
     11
     13
27
18
     31
     33
18
      6
14
    0
      4
    0
7
25
21
16
      4
     10
     24
9
14
      2
21
    0
5
      6
     35
     13
     15
     20
1
9
     17
36
9
     22
     22
12
     11
     29
     13
27
     29
     26
    0
      8
9
16
     13
32
30
18
     15
32
1
12
36
     28
18
     29
     28
     10
9
     33
     26
1
     33
      2
     17
     31
1
     13
5
      8
7
21
34
     33
32
     29
7
9
27
     26
     17
     15
     17
     13
     35
12
9
    0
     15
23
21
32
23
23
     35
     28
34
9
23
32
     10
      4
18
16
19
30
    0
19
     17
     31
     10
     35
27
     29
32
     35
25
16
      6
     17
     24
27
     26
     10
34
     29
16
23
     20
     15
      6
23
18
14
     31
     28
     35
23
     33
     11
     17
     28
      4
     31
      6
18
9
23
      4
      8
     10
     24
     22
