9
     29
     13
     29
3
16
3
25
18
     29
36
     11
     31
     20
14
1
30
     17
     17
16
     35
      4
34
     22
1
     10
    0
23
12
1
27
     29
30
7
      2
     29
     15
      6
30
     29
      2
      4
     11
34
     28
     33
     22
18
      2
5
     15
18
30
     17
25
     20
14
     28
     10
25
     17
16
36
25
3
     11
     29
     17
1
21
34
19
34
14
18
    0
34
      8
     33
     24
14
30
36
     24
1
7
     11
     20
3
18
     10
5
9
27
21
9
12
5
16
25
14
7
     28
32
18
1
    0
      6
     20
     10
5
     35
9
    0
12
5
    0
34
9
     31
     33
     10
      6
     31
     10
9
23
23
      2
     15
14
32
34
12
34
14
30
7
     33
1
25
34
     15
7
     20
     28
1
9
5
14
30
     15
     10
     20
     26
16
     35
    0
      2
1
7
     35
     11
14
     28
     20
     26
      8
     20
     10
    0
     35
     28
12
27
     33
     20
18
19
     22
    0
     31
5
      6
1
23
     17
5
      6
21
     35
     15
     28
     13
34
     31
30
23
     17
     22
3
30
    0
30
30
27
     35
34
36
30
     28
      4
    0
      8
    0
     22
19
16
14
     22
25
27
     24
5
34
16
25
32
23
     31
14
     26
30
12
     33
19
     26
5
     35
     24
34
3
     13
     22
14
     33
     33
14
     22
     15
     26
     20
1
21
12
16
1
    0
14
     15
36
     11
23
18
     28
32
12
     35
27
     31
     20
9
27
1
34
21
21
      4
9
     15
      6
7
     10
      2
12
16
     20
34
     17
7
     33
25
27
     11
     17
25
     24
    0
    0
23
     33
18
     26
      2
3
21
32
     17
      8
     24
23
     15
9
     31
     33
     13
      6
3
     33
     35
      2
3
     31
     33
32
23
23
     11
     15
      2
12
    0
     10
9
16
     11
25
27
18
     13
      6
     24
27
     13
     35
36
     22
18
5
     26
     24
25
     33
25
9
9
23
23
9
     24
25
30
     33
5
      4
      6
     10
21
     35
32
     33
32
32
     31
30
12
9
      2
     20
     15
     24
     33
     10
27
      2
     17
      6
      2
25
    0
18
      2
25
5
     28
     24
      4
      8
23
     20
      2
36
18
      6
5
27
     13
     13
1
      2
     11
     17
     10
36
14
21
21
      4
5
12
      6
     17
     24
12
7
34
      2
     17
16
23
     35
34
     28
    0
      2
     24
27
14
9
     11
      4
     13
     24
      8
18
     20
25
     28
     20
     26
     31
23
     33
12
     29
      4
     20
21
7
18
    0
25
12
     20
      8
32
    0
      4
16
      8
27
5
27
      8
     31
16
30
     29
     15
     13
27
3
     20
     33
     22
     13
     11
    0
     13
14
     20
     33
     35
      8
      2
      4
    0
32
     10
     31
