21
5
     10
36
30
18
      4
     28
    0
     28
12
34
21
     29
     22
     20
14
21
18
5
21
25
12
    0
    0
7
     11
      4
5
     15
     31
     33
27
      6
      6
1
1
     31
14
23
25
19
16
     20
34
     26
     29
34
     29
     29
19
30
    0
23
     33
25
12
     28
1
     10
36
27
      6
     11
      4
34
     31
12
      8
5
9
     35
      6
3
     26
     35
     20
34
     26
36
     24
18
     10
     17
5
     15
12
12
     33
     28
27
      8
5
32
16
16
     29
36
21
     11
18
      4
9
19
14
34
12
     28
5
     13
3
     33
9
27
     17
      4
     15
25
21
9
23
1
18
      4
     31
    0
     15
     17
36
     24
     10
30
3
1
      2
     11
     35
21
     20
     10
7
7
    0
23
36
14
25
      2
23
      2
     24
     10
18
1
7
     28
     24
3
23
     15
     24
     10
    0
      8
     20
     13
27
      4
36
     22
     35
23
3
18
      4
7
     15
32
     22
12
     22
27
25
     11
7
1
     17
23
21
     28
27
     13
     22
     15
     29
19
7
     31
34
      4
21
5
27
     17
21
12
     13
      2
16
3
     15
5
18
     26
9
9
     33
     28
      4
      4
     29
30
     33
     35
34
9
23
19
    0
     24
27
     28
23
25
19
      4
     24
    0
     31
     22
36
     33
5
     31
12
9
21
     15
16
14
      6
      6
1
     17
      2
25
     35
1
21
     10
     15
7
      6
30
9
     29
7
    0
     26
     13
12
     10
     24
     10
      2
      2
34
      4
     11
     10
19
    0
      4
36
25
     26
     22
     35
     26
16
30
     20
     22
5
25
    0
18
14
     29
30
1
     10
32
      2
     10
25
     35
12
      8
     31
12
5
     26
36
3
     11
      8
     26
1
18
      8
     17
      6
      8
     24
18
19
5
18
     26
     20
     15
      6
34
      6
     24
     20
     24
21
     15
5
     31
36
5
     28
12
36
     33
     33
21
1
1
      8
1
32
16
     11
14
     22
25
     35
     31
9
      6
     31
21
     10
      8
9
     28
     28
18
     28
      6
     35
5
1
27
25
9
     24
9
14
16
36
     13
21
5
     35
9
7
5
     28
     31
     22
32
27
     13
18
18
     26
     10
      6
     31
     10
     28
14
3
     15
30
16
3
    0
36
      4
     20
      2
     26
     22
34
      2
5
21
25
32
     17
     22
     15
     20
     15
12
     26
     28
      4
     13
30
7
34
     11
     15
21
     15
     26
25
5
      8
     26
1
1
7
     17
3
     22
     20
27
     29
1
21
30
     15
     26
27
30
21
     29
19
     10
30
16
30
30
23
     11
19
9
     22
16
5
     22
     29
     29
      4
30
     35
     29
21
      2
      2
21
23
     29
      8
32
     15
12
     20
32
36
     11
18
