     17
      6
     20
      6
     28
30
     31
21
1
     22
21
30
16
      8
     28
     29
      4
7
     11
     24
     26
     24
18
     29
      6
     17
36
18
9
12
     35
16
32
     22
12
    0
     31
      8
5
32
16
25
3
     35
27
     20
     20
     28
      8
    0
25
     17
     20
36
18
     22
32
     24
3
     13
1
32
7
     17
14
3
36
     26
3
14
     31
18
     20
     17
9
32
21
     13
     35
     35
21
     28
30
     15
     31
     13
     17
21
14
25
      8
     17
9
     33
     31
     28
23
34
21
18
34
     24
36
    0
      2
5
      2
14
     15
     10
19
16
5
7
     22
27
1
      6
27
9
32
3
     13
32
      8
34
     26
     28
7
     13
14
21
     26
5
     24
     35
      6
36
      2
     35
      8
12
     22
    0
      2
25
     13
16
1
32
23
     20
7
     11
3
18
25
1
     31
     24
27
     35
1
      8
5
34
36
21
     20
     22
36
18
     33
     13
12
     26
34
     26
     10
25
      2
     13
1
     17
      8
     28
     15
     15
30
      4
32
     31
16
      2
     26
34
30
     31
16
     17
     33
      2
16
     20
1
      6
     11
     29
     28
30
      8
12
19
1
     17
7
    0
23
7
     28
    0
25
27
     33
     26
     10
7
19
    0
27
     33
21
9
1
27
32
25
18
7
     10
     33
14
    0
     31
     26
14
12
14
25
5
18
     29
     31
23
     10
5
9
30
14
5
     26
7
     28
     13
19
     11
9
23
     22
16
9
     22
     24
32
5
      2
21
     28
     13
     26
5
     11
    0
     33
25
25
16
      2
     22
16
7
12
     33
36
27
     35
    0
     29
      2
18
25
19
9
     11
32
     15
      4
21
9
14
     13
12
     22
12
30
      8
9
14
     26
    0
     10
     10
     29
     22
     22
    0
19
     11
      6
     17
25
     26
     22
5
    0
7
34
      4
     24
      6
25
27
      2
1
     10
27
     33
25
27
     33
     10
     35
18
     20
     35
     26
     15
23
     20
27
32
9
     17
12
    0
14
     33
      4
12
9
     26
     29
23
32
9
     17
     35
      4
      8
32
9
18
     33
3
21
23
18
12
30
7
23
     15
14
12
7
16
30
16
30
1
     15
18
9
25
19
     33
36
1
     15
     15
18
     11
     33
1
21
34
12
      4
     35
9
     13
      4
      6
      8
      8
25
     31
36
12
      4
1
14
3
      6
30
5
30
     15
34
     11
     10
21
     29
12
5
3
     22
     28
     20
18
5
     11
     20
1
21
     11
32
      8
     26
19
     31
     10
5
5
21
21
     13
     15
     35
     33
     35
     24
     31
     15
      8
      8
16
     22
27
     26
     10
     13
30
     22
     13
     20
36
27
3
32
23
     17
7
     31
     31
     17
     35
25
     11
     15
