14
     33
     35
      8
5
      2
      2
14
7
3
     17
     11
     11
23
     28
36
7
5
      2
3
3
30
      6
     24
16
     29
18
18
     11
      2
     31
18
     10
      8
     11
      6
      8
     24
23
     10
19
     24
25
     33
      2
27
30
7
12
1
      6
32
     10
     26
27
     17
19
27
21
      2
      4
      8
30
32
      8
21
     26
14
     15
32
1
     26
30
25
      2
23
27
     22
32
12
7
9
     28
32
32
25
23
     33
     10
23
21
     26
     24
12
     10
      4
16
      6
25
     31
    0
     31
34
     11
14
     11
     22
     10
     10
     10
     17
     22
34
      8
32
     15
14
30
     33
21
    0
27
36
     31
1
25
3
      6
5
14
16
     13
7
     26
23
23
     13
18
      6
5
18
1
     11
      2
21
14
7
16
21
7
      6
1
30
     28
1
      6
      8
27
      4
1
27
7
14
     10
      2
      2
     24
36
36
     35
25
    0
     28
25
23
21
      8
14
14
     29
19
     31
    0
34
21
     10
14
5
23
     28
14
7
32
     28
19
16
     33
34
9
21
12
     24
21
3
      4
21
     17
     11
     35
     11
     26
      4
34
21
     24
     20
32
23
7
     33
     24
30
     13
     22
     28
     10
      2
32
34
34
9
     35
      6
    0
     29
5
23
     35
     22
     31
      4
14
27
     33
     20
5
36
     11
      8
9
32
     31
      6
      6
     15
19
     22
     13
     33
3
     11
     28
     35
27
34
27
     20
     13
3
      4
14
32
18
14
     10
     22
9
1
      2
1
     20
     20
21
     31
32
    0
34
    0
     29
     31
     17
32
32
     15
34
     22
19
     22
     20
     17
27
     17
5
5
     26
12
     20
     17
     29
34
27
25
36
      4
     28
5
     11
     35
     24
     26
     17
     33
     13
16
     24
     24
9
     22
     11
18
     31
     24
32
19
      6
     31
25
14
21
     22
     26
      6
18
     11
     29
    0
     15
     11
32
32
16
25
      2
      6
14
27
32
     29
     10
     20
27
14
      8
     24
     33
     33
     17
     17
     15
     28
     22
19
     22
14
36
     17
18
     11
21
3
     17
     22
     17
     29
     17
36
     20
27
32
12
     26
23
36
3
19
34
     28
27
     15
     22
21
21
      4
19
      6
      4
21
      8
5
     11
14
1
14
     31
     29
     31
19
     24
      4
3
     35
     15
18
14
27
12
     26
     29
      6
    0
     35
3
32
     31
     29
     17
     28
     31
      2
19
      2
     10
      2
16
     11
5
     29
34
16
     31
36
      4
34
23
     29
     10
34
12
     24
     22
     11
23
      2
     17
9
     20
     26
     24
21
    0
25
12
7
     20
3
30
36
7
     35
     20
14
25
      2
23
     29
     11
     13
16
     26
23
16
30
      6
     24
18
    0
     20
36
32
21
