      8
30
16
     11
      2
30
25
14
34
     31
36
21
     35
     33
     11
30
34
5
     20
7
      4
     26
     13
     35
     28
32
12
34
     13
16
36
     31
     10
25
     13
     31
     31
     31
      4
     17
      8
7
25
9
     33
     10
7
19
     31
     24
18
     20
9
    0
     20
      8
34
     17
     26
18
30
5
     29
3
     20
      6
1
30
25
16
      8
5
     28
     24
27
30
     24
14
36
     17
      4
     33
16
16
     33
25
     31
19
27
25
34
      2
     22
     26
      8
5
12
7
16
      6
12
5
36
     20
     13
     24
     20
1
    0
     24
     28
5
18
3
     24
32
12
5
23
14
1
     10
     17
36
19
     11
23
14
     11
      2
     31
5
     24
     24
     20
14
      6
     15
     26
     10
18
21
     17
25
1
     28
     13
     29
     26
     10
      6
      4
     11
    0
     11
9
14
14
     15
16
7
     20
      8
5
     29
23
     22
34
18
    0
21
    0
7
36
     35
     35
      2
     29
16
23
     31
      2
3
25
3
18
18
     35
      2
19
27
30
      2
27
3
36
12
     31
23
3
     31
16
36
     22
1
     35
     22
     35
     33
21
36
     35
34
36
     26
     17
      8
     29
     29
     24
     15
     20
1
     35
12
     17
     26
3
     17
     26
34
     26
12
    0
14
     22
     17
27
5
27
3
     24
     13
     28
5
    0
     15
32
30
     10
     26
21
27
      2
14
     31
     26
     20
     15
     28
     29
16
     35
     20
     11
19
3
     11
     22
     24
     20
      6
12
     17
     29
18
     15
     17
30
36
     13
36
21
19
     22
3
32
     20
     22
     28
     22
30
     10
     10
    0
30
     26
23
12
23
     31
25
19
     24
    0
     35
5
12
1
36
36
    0
9
     35
36
32
12
21
27
19
     26
     31
     24
      2
     10
      6
    0
1
25
     20
12
19
      4
     28
    0
    0
30
21
25
25
     11
7
     26
32
19
12
      8
     24
     17
     33
34
18
5
32
    0
      4
    0
     20
     17
19
18
16
     28
      6
9
25
     29
     29
9
     35
     31
9
      4
5
     22
     15
     29
7
36
      2
5
32
23
    0
     11
     24
      6
18
9
    0
     13
16
     24
30
12
7
      6
5
32
12
     31
     33
     31
     22
19
      6
25
     33
      2
      6
5
14
36
     17
    0
9
     26
     20
12
30
      4
18
27
     13
     24
     15
     29
19
16
16
1
     17
     28
     17
     11
     26
     31
    0
      6
     20
14
5
34
     33
30
18
5
     33
3
      6
21
34
32
23
     31
34
     24
9
      6
     20
14
      2
      6
9
21
12
     15
3
3
     26
3
     35
     13
     33
     33
12
7
      8
     28
      6
    0
     26
3
     15
     11
     33
12
14
23
14
      4
     31
3
     10
      2
19
3
     35
16
14
