34
     13
      2
     29
      4
5
     22
25
      2
25
27
36
32
     33
     10
9
     24
     35
19
1
     10
36
34
     35
18
36
     17
27
     35
     29
19
     28
     22
32
27
36
     13
27
     11
     31
      2
21
     10
     31
     24
     10
32
12
     13
19
14
21
     11
3
3
     10
      6
     28
     13
     29
27
     31
12
      8
      4
     15
     17
     11
9
25
     13
3
      4
16
12
16
     13
18
     11
7
27
     31
      2
      8
36
34
     35
27
7
     20
32
18
     22
     33
    0
     28
     29
14
18
     33
5
9
     28
     20
     28
21
14
27
      2
    0
16
     13
     20
7
     28
32
3
      4
     22
34
      6
     20
     13
     28
3
     10
3
23
18
7
     28
      4
     26
     10
     22
34
9
1
     22
     35
     29
18
     13
16
    0
     29
     31
25
    0
3
     20
      8
     28
21
25
     24
     15
3
     28
16
     10
1
     13
     17
18
     15
     17
34
27
      2
     10
32
     26
23
18
      4
9
     11
36
     33
     20
     22
36
1
19
     20
     31
    0
     26
7
3
     17
23
14
19
12
     11
     29
     28
36
     22
3
     35
      4
    0
     15
     29
      4
30
     17
7
3
7
16
3
21
12
    0
      4
7
     10
      4
     29
9
     24
     28
12
     26
     20
18
7
23
     15
     11
23
     22
12
7
     24
25
3
32
    0
      6
34
      4
19
1
      2
12
     17
     13
14
27
     31
25
      6
27
32
30
16
     10
     29
23
      2
34
     24
      4
34
27
     13
     13
32
30
3
1
25
    0
      4
18
     35
     31
3
     13
34
     22
     35
3
      4
     28
     20
5
16
18
25
1
12
34
34
23
     13
      4
1
     31
     10
      2
     22
    0
    0
12
36
     35
25
9
     28
     24
1
     33
     31
30
1
     35
      2
1
     28
18
     22
     29
     10
     26
23
32
5
     20
     13
32
     20
27
     13
      8
19
19
     31
     10
     11
12
5
34
     15
     28
14
21
     28
19
     13
9
     35
     13
12
     11
25
     20
      8
34
16
16
34
30
3
      6
     33
      6
12
     28
      2
    0
3
      4
     17
     22
    0
     15
     24
3
30
     22
12
23
30
      4
30
     33
18
     26
     33
     22
36
30
14
1
5
12
      8
     31
36
21
30
     33
19
     33
    0
     29
     17
7
32
     15
21
     13
     11
32
     15
36
     29
23
     26
      2
3
     13
     31
23
19
      8
34
34
     13
     24
9
27
    0
14
     31
    0
     24
     15
19
19
3
     29
16
      8
     11
    0
32
     33
25
12
25
25
19
1
     33
9
14
     29
     33
      8
     13
16
      8
19
     33
     13
16
9
      8
32
     13
     20
9
      2
16
     22
5
     33
5
      6
     10
21
     24
      4
      2
     33
14
      6
3
     35
19
     26
     31
34
30
