     33
16
18
     10
     33
5
     33
23
19
     26
18
34
     20
     22
5
36
18
14
    0
27
     20
     28
30
    0
      6
     28
     33
21
23
18
9
36
32
     15
7
     24
      2
     10
5
     10
7
16
23
25
9
     13
25
32
    0
1
     28
12
36
     10
9
     28
     35
     11
     31
25
5
     26
     20
     31
     33
     26
     33
     28
     35
7
     22
25
     31
      2
     17
30
32
      2
12
7
     33
      6
     11
1
30
9
23
      6
     22
     13
5
      4
7
1
     10
9
9
5
19
     22
     28
     20
25
     17
     26
36
     26
5
      2
12
     24
23
     17
      6
      6
     29
     24
14
      8
     13
7
    0
     22
14
     15
     28
36
21
      2
     17
34
16
     13
16
30
25
     35
     35
36
      6
     10
     11
23
23
     28
3
32
23
1
      2
16
     24
     10
34
      8
14
25
     11
     35
     31
3
23
      4
     17
14
     11
      8
     35
     33
25
21
     24
     29
36
     20
27
9
     20
     22
     29
21
1
    0
     28
3
      8
1
     22
     15
     22
12
5
     13
      2
     29
27
     22
19
30
      6
25
      8
1
     22
18
12
23
36
     17
25
      2
    0
19
      4
7
19
      6
     13
7
21
     10
      6
     13
     26
16
     28
      4
27
     24
     20
25
     17
9
1
32
34
32
14
     22
32
16
21
7
19
     35
27
      8
34
16
     15
34
      8
     15
      8
     28
     20
5
5
7
     29
     33
     33
     26
     20
14
      2
34
     26
     35
25
     33
36
19
30
30
7
      4
5
     11
3
1
27
     10
34
14
19
23
     11
     24
30
7
14
1
     15
     28
     10
     11
25
     33
     17
      6
12
     20
30
     10
     28
      2
     24
      8
     28
      4
      6
     31
     13
     28
19
     22
9
7
      8
3
27
14
     20
     22
25
27
      2
18
     13
1
9
     33
36
16
23
     24
     31
34
     13
32
     10
     35
     15
12
32
25
     35
27
     10
      6
30
     15
30
     28
     35
9
     33
     17
     10
21
     11
     10
      4
     20
     26
     22
     35
     13
      4
      6
     22
27
     22
23
     28
     13
34
5
     10
      6
21
14
      4
     26
     22
7
27
12
      6
     13
      2
21
     26
     29
16
5
     29
     13
      4
18
36
      6
30
      6
     10
5
     11
     13
16
     15
    0
     35
     13
23
      4
18
34
     11
5
      6
36
     24
5
    0
      6
14
5
    0
      4
9
     33
19
25
19
27
34
16
25
     20
     10
     29
     15
25
     10
9
30
5
     31
23
1
     13
14
14
      6
     11
     15
25
32
19
12
      2
3
9
     26
36
36
12
     28
     29
     22
27
5
36
21
     22
     15
1
     26
     24
18
36
19
      6
34
25
36
     13
19
7
16
     15
      6
      8
5
     31
     35
      2
     22
     13
