9
     20
14
     28
      2
      6
19
     24
19
     31
     17
     13
     31
      2
7
12
      4
25
34
3
     33
     17
     13
30
21
     26
7
23
32
     13
     13
12
9
     20
32
14
     15
27
    0
1
36
23
9
12
     13
     31
16
     17
14
19
     35
      6
5
1
     33
      4
34
23
     24
     26
32
36
      4
9
    0
     29
25
     28
     26
     20
5
     10
     29
      4
12
19
     10
1
     28
7
14
32
     24
      2
9
      4
      4
     17
     35
     33
23
14
32
     29
5
     20
5
     26
     11
     15
21
     10
25
      2
19
3
     22
34
     20
23
     35
32
1
     35
23
30
19
     10
     22
19
7
36
3
14
7
36
      6
     15
9
36
9
      4
     20
9
     13
36
36
     26
9
     31
     22
      8
27
     35
     13
3
25
     20
     28
     13
7
7
32
    0
14
19
     11
      4
     31
     31
19
      4
1
     20
9
     17
3
     26
7
36
36
      2
     22
     28
      6
    0
1
     13
3
    0
     13
25
7
     10
     10
      2
     24
7
32
14
16
34
     22
     29
36
      2
16
     28
      4
34
     24
34
     31
     29
      4
12
     24
23
      4
19
     10
     11
     29
     26
     35
     35
     31
     35
19
     28
30
14
      4
     10
      8
5
     35
21
     29
     10
36
7
     28
     15
     15
27
      8
12
     26
1
7
14
     10
12
1
36
27
23
1
18
21
     35
     10
     33
23
3
32
      4
     31
      4
34
      6
30
     15
12
     13
      6
     10
9
      2
     26
12
     13
18
     20
16
     26
     28
3
     33
23
     13
     17
19
21
16
    0
14
     26
23
     17
     20
     26
     20
      2
     28
7
      8
27
      2
      6
      8
9
34
1
21
      4
     13
     10
32
     22
19
     24
12
     22
16
19
3
      6
    0
    0
     35
1
7
    0
3
27
21
25
      2
1
     31
21
     17
     26
32
18
25
     26
      8
     10
9
27
34
      8
     13
19
25
     22
      6
     13
    0
     11
     15
     26
34
19
12
9
19
5
7
     22
     22
7
18
     29
1
     10
23
19
14
      4
     24
     33
32
     17
23
     31
5
32
32
    0
     26
1
36
5
34
32
1
     24
     15
1
32
    0
      2
     20
9
     26
25
     28
    0
23
     24
18
     22
     20
     24
30
      6
     13
     22
27
23
3
34
23
     11
     11
     10
3
     33
      8
     22
     35
3
     13
     20
     28
27
25
     17
     31
32
     13
      4
     17
     35
     22
5
     33
      2
     10
      8
     11
23
25
     28
12
     15
     22
1
7
30
     29
21
     35
     29
     15
     22
27
9
3
36
3
      4
     17
      2
    0
34
7
34
      2
9
12
23
25
      8
     28
14
     13
     31
32
     33
16
      6
7
    0
     17
     26
7
    0
30
     15
5
     33
3
     26
     10
36
