25
     35
32
12
     35
     29
     31
     28
9
     15
32
18
21
1
     33
21
     26
     20
     13
     13
     29
7
     35
25
     13
     10
     24
     26
7
12
     11
34
32
      4
     35
25
7
12
     11
      8
     35
     20
9
21
23
    0
9
     10
19
5
     10
7
30
16
19
25
     29
27
      4
9
36
      2
16
18
     22
25
34
16
      6
     13
19
14
7
     15
    0
36
5
     11
12
     15
     11
21
     17
     10
12
     29
     33
    0
32
9
3
     29
     22
     31
     29
18
      4
     22
     26
32
23
9
27
     11
     28
      4
     10
      8
     26
25
36
25
     31
5
19
     26
12
16
5
     31
      8
21
     24
19
     26
     17
     24
     33
     31
32
25
      6
     26
27
     20
     15
9
1
34
     33
    0
19
     26
5
     13
     31
     35
     17
19
21
21
     17
27
     10
34
34
     20
12
     29
36
32
1
      8
30
     33
      2
21
     20
32
5
21
     11
    0
12
     35
     28
     24
      4
7
30
     20
     17
16
3
25
7
14
1
     24
7
16
18
     26
16
21
     10
     31
      6
     33
     28
32
9
21
     35
12
3
12
     26
     11
     29
36
19
     15
     35
21
     31
     10
      4
     28
     15
     17
     31
16
23
     24
     22
     13
25
     22
     29
16
      4
23
      2
30
      6
     13
36
14
    0
32
12
30
16
19
5
     26
     35
     28
9
1
16
     28
9
32
23
21
     22
7
     22
     29
19
    0
3
3
     28
23
     17
27
     11
     10
9
     26
16
12
     24
19
1
     13
14
34
      6
     26
21
     29
5
27
     28
1
36
27
     15
16
     15
5
1
     11
5
     29
     26
36
      4
14
     15
21
21
     11
14
12
      6
9
     17
12
     28
      8
14
5
     15
3
34
9
     26
      4
12
16
     13
     31
     35
9
21
1
12
     29
18
     35
     28
36
36
     35
5
14
30
     29
     11
36
7
      2
     35
     10
36
     20
      4
     15
     22
9
     26
12
5
     33
36
      6
27
      8
14
     29
      2
30
    0
     29
     28
     28
     26
     20
32
     35
27
     29
34
30
21
     11
16
      4
    0
27
30
     15
     24
7
25
19
7
      4
32
32
     35
3
     33
34
21
      4
     29
    0
     11
      8
7
     22
     35
     24
16
27
18
     13
1
12
34
      8
     31
     33
25
36
     29
23
30
     28
30
12
     13
     13
      2
32
1
25
     26
27
16
     28
23
1
     15
     28
      8
     26
7
5
34
1
     10
30
27
14
     13
7
     28
3
14
32
18
7
     10
27
     20
5
     15
     15
30
12
     35
27
16
     24
32
32
      2
     35
     11
     13
     13
18
12
     20
     15
30
     31
     15
      8
      6
14
18
     11
18
30
5
     13
27
     26
19
     17
     24
     33
