7
32
     22
7
     24
     31
     29
     33
3
1
      8
     28
16
3
     11
      4
     20
      2
     24
25
16
30
     26
27
5
     24
32
      6
3
    0
23
      8
     13
19
34
19
1
23
12
      6
     33
25
12
30
     17
21
      8
18
     10
19
     33
32
    0
27
16
     29
     33
14
25
     24
18
     26
27
18
    0
     11
     35
    0
36
     13
     29
30
     13
3
     10
18
9
1
25
     13
     11
30
32
34
    0
      4
19
21
18
     29
     29
     20
1
32
      4
30
     33
      8
      4
     31
    0
     17
1
    0
     33
36
     13
30
     26
25
     33
     10
      6
     28
18
9
      8
19
      4
3
36
21
     15
19
25
27
7
14
     31
21
9
      4
7
1
     31
     20
     10
    0
      2
34
     22
1
16
     33
     15
5
      4
3
23
     20
36
     17
14
9
36
3
23
      6
36
27
     22
      6
      2
     28
     24
     31
     31
      8
     33
     29
9
     17
     13
      4
     11
3
     20
30
36
19
25
     35
     35
30
     13
5
     35
     22
      6
      6
     11
34
      8
     22
12
     26
      2
     13
32
23
     11
     13
      4
30
    0
25
3
     24
     24
      6
     22
     24
     17
14
19
32
     10
      4
19
9
30
      8
     20
     11
1
     26
1
     35
5
     28
7
36
     17
     22
     17
     22
     11
3
27
     31
36
3
3
     13
    0
     17
19
     17
16
12
14
12
14
19
21
     20
     22
     11
12
     10
23
      6
     31
     13
14
12
30
1
36
14
27
9
14
32
21
     13
7
34
23
     17
     24
7
21
    0
25
     24
34
     20
1
     24
21
     11
     22
16
     29
9
      2
21
      6
16
    0
18
     26
     26
12
     29
25
21
     28
     26
     33
23
      6
18
16
     26
18
36
      8
     10
18
     13
     17
5
12
16
     13
     10
21
32
     31
     22
27
14
32
     20
23
21
     28
     10
     15
5
      2
     11
     28
     11
     15
19
     15
32
     26
      2
1
     26
     31
     10
9
23
34
    0
12
      6
     35
5
14
     20
34
5
27
     24
     33
34
     17
21
9
25
     13
21
     13
      4
25
7
18
1
3
     17
     20
     29
     28
     35
     33
      6
     20
     13
1
34
     17
     35
      6
     29
     29
32
23
      6
27
23
     10
9
     28
30
1
      4
32
18
     15
     17
32
18
23
    0
     10
      2
     35
19
     26
36
1
25
27
7
5
1
9
     24
7
     11
14
21
     17
      2
14
25
     35
     31
      6
    0
     11
      6
16
7
      2
      8
36
    0
16
      2
      8
      8
      2
12
     24
    0
16
14
     13
     22
     11
     20
21
      4
      2
     29
     17
     28
7
     29
     33
     17
19
     17
     29
      4
     33
36
     35
32
14
32
5
      2
     13
     17
16
25
     33
18
1
3
     22
     24
