     20
12
     35
     29
21
     35
5
9
27
3
      8
12
32
36
     13
    0
     29
18
     29
     17
19
27
21
     35
27
     28
23
     35
5
3
     13
3
     11
16
     31
5
      4
18
     10
3
      8
21
     28
     26
30
      4
3
1
21
     26
     35
      2
25
     35
27
1
18
16
      6
     28
     28
     10
     15
23
18
     10
7
     15
     29
     11
16
36
     26
      6
25
30
     13
     17
36
27
    0
     29
32
     33
30
25
21
     17
21
5
     17
25
7
19
      2
23
5
30
     17
34
27
     35
23
     24
     10
3
     17
     24
36
25
3
32
      6
     31
12
     24
16
     28
18
     20
18
     13
23
3
     11
     11
     33
     28
     33
     22
     22
      8
34
34
34
     33
     33
     33
     15
5
     11
     29
     17
     24
25
      8
32
     20
32
16
     11
     20
      6
12
     22
     31
3
1
19
16
      8
5
     10
9
18
      4
     17
1
18
12
     35
     11
30
     35
30
36
      8
      6
27
9
     29
12
     11
12
1
21
25
     26
     10
      6
    0
      6
18
     22
14
7
19
     10
12
      8
25
     24
14
     11
     35
9
34
     24
     11
      8
     26
      2
     35
     29
     22
      4
     15
     20
     10
19
23
5
      6
     10
     15
      6
36
32
21
     28
     22
     15
     28
      2
     11
1
     15
     29
30
      4
     10
     31
     31
16
     33
     29
     15
7
16
     15
7
     11
      2
      2
     33
    0
      4
     15
     15
      8
12
36
     20
25
7
30
19
7
     20
     33
23
     17
16
7
27
27
      4
    0
     22
36
12
5
     17
     26
      2
7
27
     29
    0
3
     20
7
     26
     22
23
18
     29
19
    0
      4
3
     29
32
16
30
16
      8
      8
25
23
32
23
5
     15
     29
34
25
     33
16
    0
34
     24
    0
9
34
     15
     33
16
12
     29
1
     17
     13
      4
     26
12
36
     28
1
18
      2
     31
     10
3
32
     24
     35
21
1
5
9
34
30
25
     22
     22
     35
      4
3
23
     28
     20
     28
     31
     22
     33
     35
7
32
5
      6
27
     28
     31
19
23
      8
16
     31
36
21
9
30
      4
      6
     10
     22
     31
     20
     31
12
32
    0
21
     35
      4
     13
     20
34
25
     22
7
32
     13
7
    0
21
25
30
18
30
     31
     35
     28
     24
     29
23
19
21
     17
7
     24
7
7
9
     24
18
7
     13
27
     33
     26
7
5
     24
1
     20
     35
      8
18
     20
      8
14
     13
      8
14
     20
36
     17
12
34
     31
      6
      2
1
1
30
     29
      2
30
     29
     35
      6
     11
21
34
3
19
32
5
     15
    0
     10
     10
27
5
     13
27
     28
     31
     26
     26
27
     29
23
     10
     35
5
     31
      8
      8
5
27
18
5
19
27
7
32
     22
