25
21
16
7
      8
7
     15
23
     35
1
     17
5
14
1
3
30
1
1
25
      4
     28
16
34
      8
     31
     26
     29
     26
     15
     35
     17
23
12
5
     10
      6
     13
     28
36
19
32
30
32
      6
     24
     24
     35
    0
     29
14
19
     17
18
     20
     10
27
9
      8
7
16
25
9
     28
18
32
     22
     29
     11
      4
32
23
5
3
27
25
1
19
16
36
25
     17
27
1
     24
     13
25
19
23
     22
23
     17
9
     20
     17
     13
    0
      4
     26
     13
      4
32
36
      8
7
1
19
16
      4
     22
3
      2
36
32
     22
     26
25
     17
     31
3
32
     26
25
32
     33
9
    0
1
     29
     11
     15
     33
     35
30
      2
21
14
      8
     13
12
12
21
     28
      6
     13
19
     11
     15
7
    0
14
19
3
19
9
     29
     31
     26
3
12
     29
19
     10
     17
5
23
      2
      8
     15
16
25
    0
     20
     20
27
14
3
1
5
     33
      4
      2
     10
1
     24
34
     31
25
     15
16
      2
3
     13
     20
27
     10
      2
     20
32
16
     15
14
     26
      4
18
23
     35
7
16
     24
      4
     28
     29
     28
     17
23
36
     33
18
     31
     20
     13
      6
     11
7
     26
3
27
12
5
     33
     33
     10
     28
25
16
     29
     24
14
      8
      6
16
     15
     24
32
5
     35
     29
     28
     22
     28
     22
     17
     31
     15
16
      2
      8
23
     20
14
32
     26
     28
19
12
     17
     28
     26
     10
12
25
     17
     31
1
19
30
      6
14
14
    0
     11
     17
30
25
16
     10
21
30
     11
     24
36
     20
32
16
34
     10
21
     20
14
     22
     22
21
     10
12
     11
     13
     31
16
30
     22
     20
     31
5
      2
     11
18
      4
      4
32
     10
32
3
7
    0
     28
30
     35
18
30
      2
     15
9
7
     33
    0
      2
27
5
1
36
     35
30
     20
    0
7
23
     24
      4
7
21
     28
12
     24
18
     20
14
7
     15
34
7
34
      2
36
     31
25
    0
7
27
      4
19
     11
     17
     31
     13
     15
9
     20
     22
25
     31
     22
     31
     29
     11
3
     13
     20
18
     31
25
     20
     35
16
7
     13
32
      2
16
     24
18
12
    0
5
     10
     10
36
7
23
36
     13
     28
     22
      4
     13
30
7
36
19
     17
     20
3
      8
      2
5
25
     33
     28
18
5
     13
     35
     17
    0
5
     35
     26
9
      8
3
     28
5
     20
3
    0
     15
3
     28
     29
16
3
12
21
36
     15
7
      4
     13
     22
27
3
25
     10
     22
     28
     31
     10
     22
      6
    0
     35
14
36
16
21
7
      8
19
19
32
     17
30
     29
     20
     28
12
     13
23
     10
18
     31
36
18
     15
32
     29
27
21
5
     28
27
