5
     29
23
1
21
      2
     35
21
19
    0
    0
      8
     22
     17
     24
      4
      4
     13
3
     24
7
     28
     11
      2
30
      8
     31
30
     26
      6
     28
     26
     31
30
21
12
30
34
25
16
19
     28
21
32
      6
16
32
21
     17
     28
     13
     31
21
      6
     17
     17
19
     35
25
      4
     17
    0
      4
14
     11
5
     24
23
27
     26
     35
     24
     33
27
      4
      6
5
9
     28
     10
34
18
34
9
21
     13
     10
     11
36
16
     35
     29
      8
19
12
     26
     20
     31
36
7
23
1
21
    0
5
      4
25
     22
      4
19
     35
14
36
36
14
     31
     17
14
     26
9
19
     22
     13
     28
34
      4
23
     29
25
     26
30
      4
5
30
14
     26
14
5
3
21
      2
7
     33
     15
14
     22
21
32
      4
1
    0
7
32
25
     10
     15
     24
     17
     24
18
32
     24
32
14
     33
     26
36
     10
     13
18
3
18
      6
     24
21
30
     24
      2
9
5
9
     29
27
    0
9
     17
     13
     15
34
14
     35
25
30
7
16
30
36
19
9
14
      4
7
     24
36
      8
36
3
     11
     33
32
23
     35
      6
     11
      6
34
    0
     33
9
     33
30
    0
      6
      4
14
     11
      6
     24
     17
1
      2
9
32
16
3
      6
     33
     31
14
     31
36
     28
      2
     35
     35
      2
     22
     24
     22
     33
     15
     10
     26
     29
     13
1
27
      4
7
     29
     31
36
     20
      8
9
    0
3
27
12
3
     26
3
3
      8
     28
     20
     29
3
     35
7
     17
3
     15
     26
     33
     22
      6
     10
     22
      2
     10
3
     29
     13
     28
     26
    0
     20
14
14
     10
    0
     13
7
     26
     24
      2
12
     15
     20
     24
     28
23
7
27
     35
25
    0
5
     17
     10
     10
     11
      4
      6
18
18
3
3
     29
3
9
     20
     28
16
16
14
      4
18
     29
     15
     29
     22
     22
     10
      8
3
      4
     22
     22
5
      6
     15
32
5
     33
19
19
     10
     35
21
     10
      6
     28
12
12
16
     31
9
     33
19
25
23
    0
5
3
     10
      4
      4
     13
3
9
25
3
36
30
     28
     31
      2
12
      4
27
     33
     13
23
23
16
     29
18
     29
     31
16
     17
9
     33
36
     28
      2
     29
32
7
5
1
     35
     22
    0
      8
7
7
     20
18
     33
     15
     29
     13
19
     24
     15
     24
25
     24
12
     22
     26
32
5
7
5
1
    0
1
18
18
     11
      8
19
1
      6
      2
     20
25
     29
34
     13
      6
     33
      6
    0
34
     22
27
     26
     17
32
25
30
5
18
5
      6
5
      2
    0
     22
23
21
9
     13
23
      8
     24
     13
     22
12
     13
     29
27
27
     15
     13
      2
     13
     33
7
19
      6
      8
      4
     31
34
