     33
16
12
     26
9
25
    0
23
     28
     15
5
      6
     33
     31
      8
     33
36
     20
21
      2
     31
7
      2
    0
34
     15
      6
     28
16
     24
     13
    0
18
9
      6
     22
     28
1
23
23
      8
18
      2
     10
     31
      2
     10
      2
5
     29
14
18
     15
32
     15
30
     28
     10
     35
      6
     13
18
27
32
19
      8
      4
27
9
      8
      4
      2
     29
23
     29
25
9
     29
34
     31
30
     15
5
    0
     26
27
     24
     11
16
34
     13
27
27
7
23
1
     26
     10
     24
     17
     29
     28
25
27
     26
21
1
     24
16
18
21
34
32
     31
     22
23
23
      2
     13
     20
3
    0
     13
27
      6
     28
19
     13
     35
34
     22
19
     24
    0
     20
     10
     29
     24
      4
32
     33
7
     29
23
      2
     24
    0
      2
     31
     31
5
      8
32
19
1
     11
     11
32
     35
30
34
25
    0
      2
30
1
     17
7
      8
18
9
19
5
9
     17
16
     33
      2
      4
19
25
     10
      4
1
25
    0
1
32
1
     31
30
     11
19
     35
     15
7
1
     22
14
     28
18
18
     13
     20
7
     29
5
      6
     20
     10
     29
34
23
     26
16
5
      2
      2
3
     28
    0
     29
    0
7
     11
23
5
      6
32
     17
     24
      4
36
     22
     11
     17
7
     10
7
18
     13
     26
21
      6
     11
12
34
12
      6
16
     28
      4
12
     26
7
     26
     28
1
      6
     35
     26
21
7
      2
36
     22
14
     10
     28
     22
9
     33
     33
     13
     33
     11
     29
14
     31
30
12
3
      4
     31
30
12
    0
     31
      8
19
34
21
18
     24
27
14
5
     15
     28
32
9
25
     15
18
     20
27
14
25
12
     15
     35
     10
     15
     17
     33
30
      2
30
23
     22
     29
      4
      4
     31
12
     24
27
     24
     33
     15
36
19
     22
25
36
     13
     11
     26
     13
     26
     35
      4
32
9
     33
      2
19
     15
      2
32
     20
7
30
30
      2
14
      8
     17
     31
    0
9
14
36
21
9
     29
     20
     17
     17
     22
     29
32
32
      8
     22
12
18
     26
1
30
      8
    0
     35
12
36
34
     26
    0
36
      6
23
     22
7
1
3
    0
     33
9
19
30
     15
7
     26
19
     20
12
12
9
     15
3
     11
1
23
    0
     28
5
     20
      6
3
     17
27
34
12
     24
34
     26
3
23
      6
     20
     24
     33
     29
     20
12
5
14
     20
     13
     15
     17
18
     10
     35
      2
21
     10
      6
     17
12
16
     35
30
30
     24
7
     26
18
27
    0
19
     20
      8
     11
23
21
7
     28
7
      4
     28
9
     15
1
18
23
1
     28
     29
34
     33
      2
30
     28
23
30
1
1
      4
     29
7
18
     26
32
19
      6
     29
      2
14
18
