      2
      8
25
     26
34
7
     22
     29
12
    0
19
     24
14
34
7
     28
32
12
     24
      4
     26
14
     28
34
12
27
      2
     35
     29
    0
19
16
     11
    0
3
     11
23
     33
30
19
1
      4
32
     33
      4
16
25
9
     24
     29
18
5
     31
     24
23
     15
16
30
23
32
     22
     28
      8
     35
     22
32
3
34
14
    0
     11
     10
     22
     33
      6
     22
34
1
     10
5
7
     17
3
     15
14
34
     17
     24
     28
     20
9
     33
25
     28
     13
32
19
     15
9
7
      2
3
     31
23
     13
18
    0
32
     35
14
     26
     22
27
3
9
27
25
     10
     15
16
     17
19
     24
16
     24
     26
36
16
23
     31
34
     35
     29
     35
      4
    0
23
25
     17
     22
30
    0
34
     33
     28
7
30
34
    0
     31
     31
     10
1
     29
     24
     17
     15
     15
     26
     17
     35
      8
1
     10
     33
34
     31
19
     17
27
34
     35
     10
      8
14
7
7
27
12
     10
     10
      4
23
     15
      6
16
30
19
16
     33
     22
     26
18
21
36
19
      8
5
     31
     26
     33
30
12
3
9
     28
     31
     10
     26
     26
27
30
32
     15
7
25
     33
     22
     26
3
19
     13
     33
      4
     28
14
7
     20
     35
     35
     33
      4
1
    0
      8
36
19
25
21
     13
16
    0
5
23
32
1
27
     13
14
1
     31
3
    0
36
     31
     11
5
     10
32
      4
      6
21
1
16
      2
      8
32
     31
19
     33
21
5
     13
12
     33
     11
34
      2
     22
      6
     31
     28
     31
23
5
      2
     33
    0
      6
12
25
     26
18
12
      4
32
     24
14
     33
     26
23
25
    0
     31
      2
     26
36
34
21
16
1
19
     24
     10
14
19
21
      8
     20
     20
19
34
     35
16
     26
19
27
     35
7
     33
      8
32
     33
19
30
18
     33
34
     24
27
      8
16
5
14
     28
16
     20
7
36
23
     13
     20
     24
     11
5
7
27
     11
     17
32
5
12
     28
19
     13
12
     22
19
      2
     26
9
32
27
      2
7
9
7
     35
3
36
     24
1
7
3
12
23
36
36
      6
32
16
34
9
34
34
     13
     31
25
     13
3
23
5
     22
12
12
     29
     20
     28
    0
     13
     31
14
     28
21
23
     35
     17
     20
     13
36
     20
5
     29
      6
     13
25
30
36
5
     35
      6
     17
     10
32
27
36
5
7
     17
     20
      6
7
     17
     31
     31
     20
     29
     29
     10
36
19
27
3
     10
     17
     26
16
     35
21
32
     11
      8
18
     31
7
    0
      8
3
      8
      8
     29
30
     13
     15
      4
     13
     22
23
    0
     15
     10
     13
32
12
     20
12
19
21
27
     13
     24
     10
     11
      6
27
3
     11
3
      8
21
