36
     20
7
19
     11
21
3
      4
27
12
3
     13
18
     33
     24
18
19
18
25
12
3
25
16
     10
      4
      8
25
     20
      2
14
      4
     26
     33
     22
     20
3
12
      4
16
     13
     10
30
    0
21
1
      6
1
     11
     11
     17
     20
14
    0
1
     13
     10
     11
32
23
9
5
32
7
1
     22
     29
12
1
30
7
      8
     17
     13
     33
16
      8
25
      2
36
7
     11
     10
34
16
     28
     11
5
    0
7
     13
      4
25
25
      8
     22
5
     20
     22
     17
12
14
     24
     15
      8
34
     33
     10
34
5
     35
5
19
5
     33
     28
     13
32
     20
27
1
     28
     29
1
     35
      2
16
18
     22
     13
      6
     10
     13
      4
      2
     33
30
     22
      6
5
     22
21
18
1
3
     20
18
30
      4
25
     20
      6
     15
9
      6
14
     28
21
     15
21
      6
     29
      4
     15
     22
     33
36
21
      2
      8
16
     13
     28
30
5
3
30
      6
     20
      6
7
5
      8
7
7
16
19
9
     33
16
      8
     10
     33
     35
5
     15
     20
3
14
18
18
25
     13
5
12
     22
     33
     15
5
     33
14
7
1
25
     35
32
     13
     13
27
12
      2
     13
14
3
3
3
     33
     22
      6
     28
16
36
32
     26
30
     22
      6
     28
      6
     33
     31
     17
      2
      4
30
      6
     10
     33
21
      6
     22
     15
32
     15
21
18
     22
      4
      6
30
19
      4
18
      4
1
    0
     13
     17
32
      2
1
19
     13
36
      8
9
5
27
27
      2
      2
36
     29
30
7
      8
3
     35
7
     24
     15
32
34
     17
25
    0
    0
     31
14
     29
25
     35
     35
1
     10
19
     15
32
    0
      6
7
      2
     28
     20
3
     11
12
9
     11
     13
34
     33
27
     22
     15
     11
23
34
3
      4
3
     13
23
16
14
     33
12
3
16
     11
     26
30
21
1
5
3
     22
21
     35
7
30
     29
     11
     13
     26
     10
      4
     24
     11
3
     33
1
12
21
     28
5
36
7
     26
     29
    0
27
     11
     10
9
     17
     22
     33
18
7
30
     13
     15
     29
27
30
     11
36
     31
19
1
23
     35
18
     31
     22
34
23
      4
18
14
16
3
18
     13
     29
19
7
18
34
     24
      4
     29
    0
    0
1
7
9
     11
32
      2
36
36
     24
3
3
     24
      2
19
25
     28
     11
     26
18
     31
     33
23
     20
25
1
1
      4
16
      8
     17
     15
     20
     11
25
     35
     33
     17
1
     24
5
7
      2
7
3
      4
7
     24
      2
     35
12
3
25
      4
     20
     35
      2
     11
    0
30
     13
5
23
     31
     10
     24
     15
21
1
32
     17
21
     20
12
14
7
16
18
      2
     17
30
16
16
3
32
     33
      8
