     33
16
     13
    0
5
19
12
1
      8
     29
     31
23
7
     24
     26
      8
     20
     20
16
      6
32
34
    0
      6
     13
23
     13
     13
7
36
      6
     29
21
      2
      6
30
     28
7
     29
      2
     35
1
      2
14
34
     17
     20
     11
     33
     33
      4
9
     17
36
     28
    0
     11
     10
     20
34
      4
12
     24
     29
12
     11
3
14
     10
     26
      2
    0
3
36
     24
     29
1
9
7
27
5
     31
     33
     35
3
      4
     22
34
     24
     20
    0
19
5
30
5
23
30
     17
     10
32
     10
    0
     29
     35
9
1
19
     11
36
27
23
      8
     10
      2
1
25
     28
     15
    0
     15
36
      6
     15
21
     35
     13
     29
27
     11
9
     31
7
     33
     35
23
36
9
36
      8
     15
1
16
21
18
30
3
27
    0
23
3
16
34
5
16
25
     22
19
30
32
      4
16
5
27
1
     24
23
     29
9
     20
     24
1
     11
9
14
     31
12
     20
18
     28
     20
16
     17
     10
     31
     28
     29
     31
36
     33
     31
23
25
19
     35
     10
     33
     13
36
     24
      6
     10
27
30
9
30
     17
1
     26
     10
30
30
32
     15
7
34
12
     24
3
21
32
36
3
3
     35
     10
     29
19
34
3
     28
     33
27
     22
19
21
9
16
      4
     13
      8
     28
3
14
     24
19
32
7
     11
1
27
      6
     26
    0
36
     15
     10
34
     13
     11
12
3
     33
30
      6
      6
     22
36
      6
34
21
    0
     20
     31
      4
12
14
5
     22
      4
     29
     22
14
7
     29
      4
     24
     31
     13
27
     22
9
5
14
25
9
23
     31
25
36
     26
34
32
     33
30
      2
      2
     31
      4
18
34
      8
23
    0
30
32
     10
      4
     15
     33
14
21
      8
     11
7
18
12
27
1
21
16
     11
      6
1
     10
      8
14
19
     26
     13
12
7
     10
     26
19
     11
     26
32
     13
     29
30
     29
9
     31
     24
     29
23
     33
     22
     35
      6
25
30
7
     17
3
16
16
23
25
12
     20
18
9
18
23
12
32
    0
14
     31
21
     26
     31
9
30
    0
     15
19
7
36
      6
7
34
21
      6
     22
     22
     11
32
     15
      6
25
5
     20
      8
12
14
9
      6
      2
      2
      2
     24
14
1
1
32
34
27
     11
     20
32
      2
3
    0
      4
1
25
1
     24
    0
32
     17
     20
36
      6
      6
     13
34
12
    0
25
      8
     33
12
     22
     26
18
     35
     13
     33
     35
      2
     28
36
     24
     10
5
25
     29
5
     28
     29
     31
7
21
     35
     29
     10
16
     26
     15
      4
7
9
     15
     24
     22
14
9
     22
30
18
     35
18
36
     11
     10
     26
25
14
25
      4
     31
      8
32
     33
     29
36
      2
