     13
     22
     29
     24
36
36
16
      2
     11
      2
    0
     33
30
12
     31
19
7
36
14
     31
     35
3
      8
18
     17
     31
19
     20
32
     31
     22
      8
14
12
1
     24
7
     33
9
     26
12
27
     31
     15
      6
5
     22
     13
9
     31
     13
     15
     20
3
23
36
27
     20
    0
34
7
1
32
32
25
14
      8
36
     31
14
     28
36
     28
      6
     35
7
      4
      6
23
12
14
18
21
     15
36
3
     29
25
1
3
34
      4
21
     15
     33
    0
18
      8
      6
     33
      4
1
     11
30
     31
     24
1
      4
      6
     17
      8
21
9
     29
     29
     29
    0
5
     11
     20
19
     31
16
      8
     22
27
21
     13
19
     24
27
     31
     15
32
     31
      2
30
      6
     20
     29
     10
7
     26
     35
     35
      8
     26
18
     22
18
30
     33
     11
3
16
30
     17
      6
     31
     26
     20
     11
9
34
12
     28
      4
     17
     15
16
     17
     35
32
     24
      4
    0
     22
      8
9
12
14
14
     22
     15
     29
12
     28
     28
     20
      6
     15
     20
     29
     10
     22
14
     15
     28
     20
     26
     13
21
34
      4
16
      8
23
     22
     24
     11
     15
     26
25
    0
     24
36
14
      6
     29
34
5
7
     20
25
9
     35
7
     11
     20
     13
36
32
30
      6
     35
     29
     24
21
36
     13
      4
1
34
23
     10
5
18
     24
     26
     35
      6
36
    0
12
12
34
19
7
     11
18
19
7
3
21
25
      2
18
14
     10
34
18
9
     29
12
     35
     15
     17
     24
27
21
     33
      6
     24
12
19
     33
     33
7
18
     10
25
     28
27
25
21
      2
    0
25
      2
21
25
     28
      6
34
      8
18
5
     26
23
1
21
5
     22
7
12
     24
32
     20
16
     13
1
     17
32
18
     28
23
25
30
25
25
    0
27
     26
     15
     10
18
16
      8
     26
      2
      6
     28
     29
     24
3
21
     31
      4
12
1
21
     31
23
     15
9
      8
      6
      8
     11
     29
      8
3
12
     24
7
     33
12
     33
32
    0
     11
32
     17
16
     17
5
3
     29
34
     26
     35
27
      6
     28
3
      2
     20
19
12
18
9
      2
     15
7
12
12
     31
21
7
19
5
12
     28
     22
     35
     10
21
     15
18
12
     26
14
25
     35
3
      4
      8
    0
27
     22
     35
     17
12
    0
     22
     15
21
     17
5
     17
     13
3
     28
25
18
     10
     10
     35
     11
     13
9
     13
      2
     11
     29
1
7
7
32
     13
    0
    0
21
      2
      6
14
     26
3
     17
     24
32
     31
     15
14
     20
     13
21
    0
21
25
3
34
25
     28
     26
     20
     29
5
     22
34
18
     35
23
5
36
36
      6
18
     35
9
3
     17
5
36
23
9
     10
     35
     31
     20
