16
27
9
27
      4
     15
     35
      6
27
      2
    0
9
     28
      8
9
     17
     10
23
36
3
27
     26
     29
34
1
30
     20
12
      6
30
5
3
23
21
27
25
16
     10
     20
12
     26
3
16
     24
     33
     15
     10
      8
     31
19
     15
     26
19
32
5
23
     20
12
34
     29
25
12
     15
     24
      8
     13
     28
      6
     20
1
25
3
5
1
3
34
12
1
     22
     24
     28
     22
25
21
1
16
      4
21
     15
     20
18
     11
3
23
      4
    0
     26
    0
    0
     15
     24
     26
19
      4
21
    0
7
5
     24
12
1
     15
      6
      6
     24
      4
     15
9
     31
3
     29
     33
     24
16
36
18
18
     11
12
     26
21
     13
14
     20
36
      4
     20
      2
      4
      8
7
32
     11
     13
     17
     33
      6
     13
     10
16
     35
27
     11
7
30
1
     33
    0
25
     17
5
     26
30
    0
25
7
     26
7
     11
34
36
27
18
27
      6
     33
     29
    0
1
     31
     35
     24
18
     11
     17
1
      6
     26
16
     33
    0
27
     26
18
     28
9
27
      6
18
     15
27
     35
7
27
     26
21
14
     35
     33
     13
      4
14
3
23
12
18
14
      4
23
27
21
30
32
     11
     20
18
5
21
27
36
     13
3
16
14
30
9
9
     35
     33
     17
     10
     22
     13
     22
23
      8
36
14
18
7
25
9
     17
27
18
     26
9
     26
     31
     20
    0
     10
9
14
9
5
     17
     10
      8
     20
     15
     13
18
     22
    0
     35
      4
16
     22
1
12
     28
3
    0
     24
23
25
     29
     24
36
     28
30
      8
3
     33
     28
     29
34
     22
     26
     28
34
     31
    0
     31
      6
     11
7
     33
     15
     26
16
9
     20
25
      2
     35
     29
      4
     28
9
      8
9
    0
     11
     28
     10
14
27
     11
     24
     15
     33
23
     15
      6
     26
     22
9
     35
     20
3
     22
     15
32
14
     29
9
5
12
     22
     13
25
    0
14
     24
     13
      4
25
30
27
    0
     10
     31
      4
25
19
25
    0
     11
     29
9
     24
9
     29
     13
5
3
      8
      8
     17
34
36
     28
     28
14
     24
     11
     15
21
     15
23
34
25
21
     24
     17
     22
     15
     35
16
      2
     29
     13
     31
     28
     10
     10
      2
18
16
     13
5
      8
     11
     35
     20
34
     20
     31
12
23
     10
      8
     20
     29
     28
21
9
     15
9
36
27
25
7
7
7
5
30
     13
      2
27
12
      8
     10
21
     11
      6
7
19
      2
     28
7
     10
     17
18
      8
     26
      6
     35
     17
14
3
     15
     15
     13
21
      2
     22
      4
     11
      6
18
3
19
     24
    0
     24
      8
3
5
36
     33
16
7
12
23
     31
     13
      8
     35
21
      4
5
36
12
7
     20
3
     33
