      2
     28
34
36
14
1
     35
14
     24
23
5
     13
36
21
     17
     11
      8
27
1
34
     28
19
18
      6
9
1
27
14
     35
5
     17
     33
5
27
5
     26
     28
3
18
23
     29
25
30
25
     17
      2
19
16
    0
32
     33
23
     13
     26
34
9
     20
5
     13
21
     29
     10
     26
3
7
    0
3
     10
      6
      2
     33
    0
9
      4
     20
     11
     13
     22
36
36
      8
23
30
     28
     20
7
     22
     29
    0
     31
      4
9
     10
5
     10
     22
21
     22
      8
23
36
      2
16
7
30
     20
     28
14
1
12
    0
      6
18
5
     24
19
     29
16
5
3
     15
32
34
     31
     17
1
     26
     26
1
23
     33
34
12
     33
14
36
5
      2
     31
34
27
     28
18
25
21
     15
     29
     35
     33
19
    0
36
     28
     22
      4
      2
23
     33
     17
     35
16
36
27
30
      2
19
      6
5
     13
     28
      8
36
18
     17
     24
34
9
    0
     13
      4
      2
     22
1
5
9
     10
9
     17
3
19
27
     35
5
      2
     26
7
     15
19
19
23
30
5
     15
     35
     22
     33
7
     31
     33
27
     28
      6
18
16
5
27
     29
     26
     10
     17
      6
23
      8
3
     22
     22
     28
     22
1
     35
14
      4
7
     10
32
3
     20
     24
14
32
      2
     22
     35
7
      2
     26
    0
1
     10
27
     10
      4
32
21
     20
     28
     20
7
     11
     29
9
19
     20
34
5
     15
     26
16
      2
      4
16
1
    0
     17
     31
     20
     11
1
     22
     22
    0
9
      8
      2
36
      4
     26
9
     31
     10
      6
      6
16
1
27
34
34
5
1
     35
     29
16
5
1
     17
36
5
     10
      4
     13
     28
     26
     28
14
21
     15
23
     24
16
36
27
14
9
27
    0
7
     15
      6
16
      6
     24
7
7
19
      6
23
23
16
     31
36
27
     24
18
36
25
     11
     33
19
     35
36
27
14
12
5
     22
34
25
     26
     17
23
23
32
7
     35
9
16
7
    0
     26
     24
27
     35
     17
    0
23
    0
16
     24
25
7
     29
5
34
27
     15
7
     11
19
      8
     24
18
     31
     33
7
     35
     22
     35
32
30
     29
     26
23
     35
     29
9
     29
     17
     15
     24
27
    0
14
      8
27
16
     33
      6
19
     15
9
34
19
     10
     17
34
25
3
      4
21
21
     29
36
18
5
23
      6
     28
12
3
32
     31
5
     13
     22
9
9
27
     24
34
     26
      4
23
     26
     26
     35
     22
1
27
     10
25
19
      4
    0
     28
      2
     26
     29
     15
1
     13
5
34
      8
36
     24
     17
1
21
36
30
     24
9
     31
     28
21
5
      2
16
     13
     28
     24
     26
     31
     15
25
     20
     22
12
14
23
