18
25
7
27
23
19
     24
     24
19
      2
21
     24
     11
     31
     29
     11
23
     11
34
25
     15
    0
      6
19
3
     31
     10
     33
     13
7
     31
     17
     15
    0
     35
9
5
     22
     13
     15
     35
23
     20
     10
32
     33
     13
     15
      2
9
3
16
18
1
30
     35
36
19
25
36
      6
36
      4
19
32
9
     10
36
     22
    0
27
     22
      8
     20
30
     31
     24
5
     10
32
     17
3
     22
     35
27
16
5
21
25
32
19
     22
32
    0
     31
23
3
     20
12
     26
16
    0
18
     10
      2
     13
14
19
     15
9
     13
     24
18
23
18
     13
    0
16
36
     22
25
      4
32
5
23
36
      4
     29
      2
     10
      4
30
36
     11
     24
9
     11
16
     26
34
      6
      2
    0
25
25
27
23
34
     26
    0
36
     31
    0
     24
     20
23
     31
16
    0
3
34
     17
36
     26
     33
21
7
     33
     33
     17
16
12
18
    0
      2
30
     31
     11
     10
     26
     33
27
3
     29
12
25
19
     20
      8
1
      4
     22
18
27
     24
34
     31
     31
      6
30
     11
36
     33
      4
36
     35
19
16
9
      2
18
      8
     20
30
     29
36
16
3
14
      8
9
      4
      4
     20
     17
12
34
23
    0
     26
      2
     20
      8
1
18
25
     10
7
16
9
34
     29
9
     24
    0
     15
     31
     33
     31
23
     26
36
     13
     20
3
21
14
7
     35
36
3
     15
36
      4
      4
18
      6
12
     15
34
25
     35
     20
    0
      6
    0
     15
23
5
19
36
     33
     11
18
34
27
3
27
25
21
21
12
9
     11
23
30
9
16
1
34
19
      6
     20
      2
     11
     33
     35
1
     24
25
7
     24
23
7
27
23
     26
     26
7
     15
      2
32
5
34
     11
19
27
      8
     22
     10
36
     26
     33
     11
     29
     28
23
5
30
12
32
1
19
27
     17
     10
12
    0
     24
18
12
34
     35
1
     13
32
     15
     35
      8
14
     20
5
34
      4
5
     11
     24
14
      6
     26
     33
     24
16
     31
5
14
    0
9
      4
     10
     22
     24
30
23
     15
     26
     20
     29
36
3
12
32
23
     15
21
     26
34
      6
     24
30
     28
     11
12
5
34
12
25
1
16
7
30
     22
     13
16
     15
     33
36
14
27
     28
1
     24
      4
9
19
30
25
     20
18
16
      2
    0
1
      2
     35
     13
36
3
21
     10
7
32
     26
     10
      8
      4
     11
9
     24
32
21
     11
     11
32
     20
     22
      6
12
     31
     15
     22
27
     26
     24
25
25
16
1
     22
32
30
14
36
3
36
      4
25
     24
19
     24
     22
9
     11
12
     22
     10
30
25
36
     17
18
5
19
14
      2
1
30
     33
1
23
