34
34
27
34
21
19
7
9
36
     15
      6
      2
    0
16
     26
     20
     28
     24
     10
32
32
     35
32
27
     29
27
7
36
36
     20
19
     31
      2
27
18
     10
9
16
      4
     24
5
18
25
     35
9
16
14
      6
     13
30
     17
     29
     15
12
     10
27
34
     33
5
      4
14
      2
     20
     24
     15
36
     20
23
      2
     35
     13
14
     10
      6
34
14
     26
23
     20
1
16
16
     10
5
25
1
7
18
     33
     33
     26
34
32
     28
     10
     15
18
     24
     35
1
     11
      6
     24
     17
25
9
     24
     29
     28
     10
     22
30
21
     26
     13
9
14
     20
     11
     24
      2
      8
18
     20
30
     31
     29
     29
34
16
     24
23
     29
    0
     26
     20
14
     11
30
     11
21
18
14
      8
18
     22
     26
30
5
     33
9
      4
    0
     24
     29
14
36
     31
     31
     22
     17
18
      2
      2
     15
     10
19
     22
     13
     17
     22
     28
      2
16
1
     33
21
21
9
      4
     11
19
     33
34
19
12
     22
16
32
34
     22
12
      2
5
      4
     26
12
7
27
12
     17
     17
27
     26
     28
     35
     13
     35
     26
     29
32
     33
      6
     11
3
5
     28
9
     33
30
36
     31
21
1
     26
     31
     15
16
     11
     11
16
     28
     33
25
32
12
25
      6
14
     31
19
16
30
34
     29
32
     15
     13
     33
18
14
    0
      8
14
     17
     11
14
     15
     17
     35
     22
3
     22
7
3
1
     22
     20
21
     29
14
16
     28
     24
      2
3
      2
21
     28
     31
      8
      8
     24
19
34
      8
12
19
12
5
25
      6
     31
16
32
14
34
30
7
36
25
18
     11
     13
5
     29
7
     17
     31
     13
      2
     15
     15
     17
18
1
     33
     10
30
7
27
     20
     20
25
18
     33
     33
18
27
36
     22
      4
25
     26
     22
14
      4
7
25
     15
      6
7
19
     31
25
3
27
36
9
36
5
1
      6
     13
     24
     17
19
     10
     22
      6
7
1
    0
27
23
25
25
     22
     26
     10
      4
     26
3
      6
32
7
16
      8
18
     20
14
     13
      8
     24
     24
      4
23
19
      2
32
27
     13
14
     33
12
      2
1
1
30
7
3
     15
     33
     35
21
9
23
     33
    0
     29
      4
9
     11
12
     13
34
21
      8
     29
5
     20
7
12
     33
     24
     24
19
14
     13
1
     20
     11
     13
     33
14
     31
19
      2
3
     13
1
9
     33
     15
      6
     29
      2
12
     26
     15
14
      6
     26
     10
     28
    0
1
     10
      2
    0
    0
     17
27
7
     15
      8
21
     35
     28
     11
36
     13
     24
     35
      6
      8
      8
     11
21
      6
16
     29
30
     35
3
32
     33
16
1
32
5
     15
     11
3
32
     11
25
     22
19
     31
