     35
12
     20
      2
    0
      2
     28
1
     22
21
     33
7
    0
     28
19
16
     33
18
1
14
32
      6
36
23
30
5
     22
     33
     22
      4
     22
     20
      4
     31
25
     11
7
     26
     10
19
23
3
     33
27
     33
     26
     28
    0
     26
     35
25
22
32
     33
     31
     28
1
5
      2
     22
     20
3
7
36
7
21
     10
3
32
25
3
23
36
27
34
     13
21
     15
      2
      2
     13
      8
     10
      8
     28
25
     17
14
36
34
    0
     26
30
18
     15
     17
      2
     35
     24
1
     24
25
1
14
      8
12
     31
7
     29
      8
      2
21
      6
     31
     33
     10
34
30
12
16
     22
     31
      6
5
     20
32
     11
      4
9
7
5
     11
32
     31
     20
23
3
     13
21
     17
      8
      2
3
     35
      2
1
30
     13
23
5
30
     24
16
     29
     31
27
     29
     15
23
     20
     20
23
3
32
     20
18
     20
9
     15
     29
7
18
     26
16
     33
5
7
      2
      6
     35
     15
36
32
5
12
1
1
      8
    0
25
7
     15
12
     29
      6
3
25
36
    0
     33
12
34
     28
18
     24
9
     29
      6
     11
     24
25
23
19
      4
9
3
     11
     29
     22
     28
     17
     28
3
30
     31
     35
14
     13
     13
     17
7
     31
     11
      4
    0
19
     15
19
     20
18
     24
     24
7
     24
36
18
      8
14
     15
5
12
     17
      8
5
7
34
     20
34
     15
27
      2
7
     10
     28
36
     15
5
     24
     15
19
      2
19
18
     26
     11
      8
18
16
     29
     11
3
     24
     17
     10
12
16
32
     15
     31
3
     35
     33
27
     22
32
     11
21
7
     13
     28
     28
      2
25
9
16
     29
19
36
36
3
     20
      8
34
3
     26
      8
     35
18
     31
     20
     20
     11
12
7
     24
12
1
      8
     13
3
     20
     28
3
21
34
      6
      8
14
     10
21
     35
32
12
      2
23
5
     10
     17
     29
     33
     11
34
27
     26
1
     17
25
      6
     15
      2
36
     33
7
      6
18
      6
     29
18
14
18
     26
25
7
30
1
16
16
     22
1
18
      8
7
19
32
     26
27
      6
      8
     20
     15
7
12
30
23
     26
1
27
32
     11
32
     24
     20
     31
     28
     29
3
     22
     29
21
     20
      4
19
      8
      6
19
12
      6
      4
     15
     29
1
     11
32
25
     15
30
3
      4
    0
     24
      4
     15
     15
30
21
25
32
18
1
1
     10
7
23
     13
19
21
      6
36
     11
      4
9
     35
9
36
32
     20
12
    0
     17
27
    0
     20
18
16
19
9
7
14
     24
19
     11
32
23
12
25
     11
3
21
     10
32
23
12
      8
9
16
     20
     28
     24
12
7
7
     10
      4
1
12
     31
25
9
32
     20
