9
12
36
     11
1
    0
18
25
9
     13
     24
21
     17
     11
27
     29
25
     31
     29
     13
     28
      6
7
      2
      8
32
     20
     10
     20
     13
     22
     33
7
     33
     17
21
     11
     22
34
      2
      8
     20
30
36
     13
14
7
     20
     15
     11
     10
25
12
25
30
      8
16
     15
21
9
12
     29
7
     13
7
     35
21
5
      8
7
     20
     29
19
     29
     22
    0
     10
      2
     17
     10
     15
     13
23
     20
34
14
18
21
25
      8
     11
     10
     28
      2
     26
     11
      4
     28
34
     22
3
     26
25
      2
14
5
5
27
18
21
     33
9
23
     33
1
      2
     13
27
     22
3
     24
     28
     33
19
19
12
     10
16
     29
7
21
     11
     10
      8
12
     17
36
     28
      4
18
21
     24
27
      8
23
     26
5
34
16
1
     31
36
     11
     15
21
34
19
1
      8
36
     17
     29
     22
     15
34
21
18
34
     26
     11
     20
     28
    0
     20
     15
     33
32
     10
     11
9
     33
     13
21
     15
     11
     20
1
3
9
3
30
7
36
      4
      8
30
      4
9
     11
32
21
7
     15
      4
     13
     28
9
    0
21
19
     17
5
     26
     15
      8
19
      6
     24
36
      2
      6
16
25
     29
32
     20
23
      6
7
     29
      4
23
16
5
1
36
     29
     33
32
      4
32
     31
     35
     10
27
12
18
32
36
9
30
5
16
3
     31
14
16
5
     24
21
1
1
     20
     10
    0
     31
      2
36
     24
     10
19
12
      8
     17
     28
3
36
     15
12
3
32
27
36
21
25
23
     13
34
     15
      8
     10
3
36
     10
     11
3
     22
     35
     33
     15
     20
     17
36
12
      8
     26
5
1
     31
19
     17
     29
7
     17
36
36
5
30
18
     11
12
19
     29
     10
14
     11
      8
     11
     31
32
      4
     17
     10
     13
3
     15
     33
     10
     33
36
25
19
5
     26
5
12
18
32
     33
      2
5
27
     29
     28
7
     11
     11
     31
     10
27
14
36
7
1
      2
14
     31
      8
     15
     28
1
32
      2
16
1
32
27
30
16
25
18
     15
27
18
     31
     11
12
     24
     22
     24
     15
7
      4
     35
23
     31
     31
9
     10
    0
12
12
     28
12
32
     29
      6
      6
     28
      2
     29
     33
     20
27
5
32
      4
    0
25
     24
36
      6
     10
34
     17
1
     11
     26
     33
23
     24
3
30
16
     24
36
     20
21
     24
32
     35
     28
      2
      2
      8
    0
      6
     24
9
      6
30
34
     28
34
19
     17
     33
5
7
7
30
     20
     31
19
9
     22
5
     31
21
     29
25
     13
30
9
14
     26
30
14
12
25
12
27
     13
19
9
12
12
30
     26
5
     20
    0
3
16
9
12
     28
      6
     31
      6
