     24
    0
      8
21
5
16
3
27
3
     26
1
     20
      2
3
     22
34
36
19
     26
     31
     11
16
     26
25
5
1
23
9
     15
19
     20
5
25
    0
     17
23
23
1
12
34
19
1
25
21
     15
     28
7
19
     31
     15
30
     28
    0
      2
     13
9
     17
     35
30
    0
     35
25
3
      4
19
     33
19
     24
     28
     29
16
34
     28
    0
3
     35
21
14
14
25
5
7
    0
     26
9
     26
    0
     28
     11
9
     28
19
      6
     31
16
34
     35
     29
     31
34
     24
25
14
30
25
14
     35
     26
12
36
34
     15
      2
     24
5
     15
     13
     15
32
      6
     15
23
34
16
     26
     26
14
27
      8
12
     35
     33
21
     10
     33
      4
     24
     13
7
27
32
     33
     15
34
23
     11
12
9
     35
     31
36
     29
27
1
    0
     13
9
      8
36
36
     33
     17
3
     26
27
1
     35
23
27
1
27
     29
14
9
     24
5
      8
     15
19
     24
     11
7
1
     24
12
32
32
      4
1
     35
14
     24
3
    0
5
3
     13
      8
     33
    0
     35
9
34
27
      4
3
     13
     33
     29
     13
16
36
     26
     28
    0
     13
19
5
     33
16
    0
     13
     31
12
34
23
     31
     26
     26
3
      6
34
      4
12
     10
30
1
36
     11
14
     22
      4
1
     10
32
      4
     33
     35
3
     13
     13
      6
     10
     35
32
     35
     22
32
27
      2
32
25
18
     15
     26
23
14
21
27
     10
     20
     26
     31
9
18
16
     31
     31
25
    0
    0
     26
21
     28
     26
     35
27
     28
14
14
7
30
      4
1
36
     26
18
5
18
23
3
      2
      8
     15
      4
     33
36
27
      4
     20
34
     15
     33
30
34
     26
     31
25
32
34
     11
     15
     28
     33
     28
      4
      2
     24
18
23
32
     33
7
34
     24
7
25
19
30
1
1
5
18
     33
23
     35
     28
      8
     24
19
14
30
14
21
14
27
19
     24
     28
     10
23
23
     20
     26
     26
     31
     17
     22
      2
     10
      6
5
      8
     10
     11
     20
     28
     26
     20
     13
21
16
     13
      6
7
     20
     10
     28
23
     28
     28
18
23
9
25
    0
12
     26
     33
9
25
      6
      2
     33
     20
23
     26
     17
     20
16
     15
34
     17
      6
16
23
18
9
     11
14
3
     33
     20
25
9
     33
23
32
     29
16
     26
    0
     15
     31
34
      4
36
      6
32
     20
     17
23
21
      2
27
     26
     33
3
     17
12
5
34
27
      8
     31
     22
    0
      6
18
1
36
14
    0
     10
9
     22
9
     28
     10
23
     35
    0
1
12
30
21
7
21
30
     22
27
25
14
    0
     20
36
    0
9
     10
     29
     17
      2
3
     24
     28
14
32
     35
     33
23
