7
     15
     35
      8
     20
     28
18
12
      8
19
     33
21
14
7
     24
1
      4
7
      8
     11
19
23
30
19
1
12
32
     35
     15
34
14
     26
1
     10
     35
16
     11
12
21
    0
16
9
      2
9
27
      4
      2
18
19
     33
      4
     20
     35
     29
      8
     29
     13
     11
     29
1
      6
     29
36
     24
3
     26
     31
     33
     10
36
25
21
34
    0
     15
19
25
      2
     29
      2
    0
1
    0
16
     28
    0
     33
    0
30
5
      2
     28
3
     10
      2
      4
     13
     24
36
      4
      2
     26
      6
     20
     10
19
     35
      2
14
     28
32
     29
12
32
     20
18
25
21
     10
9
9
     20
     33
14
     22
9
3
     17
36
      2
     13
     22
30
3
25
19
19
     20
     13
9
      4
     15
     24
    0
9
23
3
     31
16
     28
5
36
     31
9
32
     15
30
5
36
12
5
25
19
     31
1
32
32
9
25
     10
     33
     10
23
     29
     29
16
14
     17
     28
1
      6
     15
     31
     24
     20
    0
25
     20
32
     11
9
     29
     28
32
27
     17
     17
     29
1
30
     31
     13
     22
      2
27
     35
     22
27
     20
32
7
     17
     20
18
      6
12
     26
27
21
16
32
3
      4
     10
23
12
12
      2
14
7
     33
     31
    0
     15
32
27
23
      8
      4
14
     22
12
     13
25
1
12
12
19
     15
9
27
32
23
     33
25
     26
     17
     11
14
     33
12
     15
     15
14
     22
     11
     10
     10
     33
     15
23
     33
     33
     13
     13
      4
7
      2
1
      8
     33
16
    0
      2
     22
     11
14
34
36
     33
     31
    0
     33
    0
32
     22
      8
     15
     29
30
     10
     10
    0
    0
36
9
32
     29
     29
    0
      8
     20
27
27
21
     22
      2
16
7
7
36
      2
     15
30
     17
19
3
      2
     22
     15
30
     31
     33
3
19
     33
    0
14
34
19
     15
      8
      2
5
25
     13
     17
25
14
5
3
     10
25
5
     13
32
25
34
      8
25
     26
25
     13
25
1
     35
3
     28
1
3
    0
      2
34
25
     26
27
     24
     29
32
     15
     13
34
     22
      4
5
     10
      6
3
     28
14
      2
     13
     24
18
32
     31
     26
     10
5
32
     28
5
18
    0
      8
     10
     20
     15
16
     33
     29
14
     29
32
16
     24
23
7
27
     35
21
30
     20
25
5
     22
     22
19
19
19
34
      2
     35
     35
     35
      8
     22
     35
     28
     22
5
     20
23
30
7
     13
     10
34
14
     17
      4
     29
19
34
7
     35
     22
32
36
      6
3
     29
      6
18
25
     11
      4
      8
     22
      8
      4
     28
19
3
34
     26
16
     28
23
     15
     22
     35
     31
     24
18
21
36
27
     20
27
7
25
5
7
19
7
     17
     29
     13
12
      4
