30
9
      4
27
21
36
5
3
14
36
16
     10
     24
36
12
      2
21
     11
30
34
      2
    0
36
14
23
14
     10
      8
     31
     22
27
3
     26
21
30
     15
      2
23
     22
     33
12
27
     33
1
12
     31
     26
     17
     13
      6
19
      8
     17
1
     11
     24
     15
25
     35
3
14
21
19
     17
3
     31
     17
19
     29
     31
12
     29
     33
18
     11
      4
     10
     15
      2
23
3
18
3
      8
3
     13
      4
3
34
25
     29
18
3
     17
     31
14
3
     13
    0
7
23
     29
1
3
5
     28
     22
21
14
      6
16
     24
23
      8
     15
    0
     29
     28
     13
19
     22
     33
18
     28
1
     35
5
     20
27
32
9
30
     26
     29
34
     15
     26
     10
30
     17
32
18
14
1
1
7
    0
     13
     35
19
16
     26
23
14
      6
32
     24
27
12
      2
     11
1
     10
    0
      8
7
14
     17
     24
      4
34
     29
36
      6
12
14
      4
27
16
      2
     31
     33
9
36
     31
     28
14
19
     26
19
3
     31
34
     17
5
25
     15
     26
14
     11
14
23
     13
27
      8
30
     35
7
     15
     28
     22
14
     33
     33
32
5
     35
18
     26
     29
     17
      8
     26
27
     22
16
32
32
    0
     29
18
19
23
     15
12
     35
34
23
      8
18
5
     15
     26
21
21
      6
      4
16
7
      6
     31
     28
     26
25
3
5
16
36
16
     22
36
     29
     31
     17
     31
     31
16
     20
34
     22
     26
     22
     15
34
14
27
      2
16
19
18
14
    0
     35
     31
14
25
     35
     17
27
23
5
     31
7
25
19
     29
     10
     17
12
32
     22
18
     26
18
      6
9
36
    0
     35
27
    0
27
     33
     28
7
19
34
1
      4
30
     11
      4
3
5
32
     29
7
12
     31
      4
3
     22
27
      6
1
12
36
     24
     17
     17
5
     15
7
23
14
14
     29
     10
     10
16
12
     29
     28
      4
    0
     13
27
12
     31
5
16
1
5
12
     13
     26
     29
30
27
     24
     20
14
     20
34
     17
     29
     31
     35
19
9
     26
     24
14
30
     35
30
19
      4
36
5
1
3
7
19
3
      6
     20
1
23
3
     33
3
    0
25
     24
     10
34
      2
     35
9
     11
14
      6
30
27
32
30
32
9
36
27
19
      4
     24
      2
    0
     35
16
9
5
    0
     11
     11
14
     35
16
1
19
     29
19
     11
     17
30
    0
19
27
     13
5
    0
30
    0
34
23
     10
30
     28
      4
36
      2
     35
     35
30
     15
     11
21
27
5
     22
30
25
     29
     24
     29
25
18
30
      6
      6
36
9
     26
32
     15
      8
3
      6
      8
3
    0
     10
5
     29
19
34
     11
34
3
9
      6
     11
