34
     29
21
27
12
     31
34
30
     35
18
32
21
      2
7
     31
21
     17
25
16
     15
     17
18
1
     29
12
34
9
     24
34
     28
     10
36
3
    0
23
7
27
9
      8
      2
19
    0
     35
25
9
     26
14
     11
1
27
36
      6
32
12
1
     24
     29
9
23
1
     13
21
      8
      4
     26
      2
3
      4
1
      6
32
     35
     22
      6
30
      8
7
23
      8
     31
    0
     24
     28
     33
32
27
     24
36
36
3
1
23
21
30
     31
21
      6
     17
16
25
      4
     15
    0
21
18
34
     28
     29
     22
     26
     13
     11
     29
25
     22
30
     24
34
18
     22
     28
1
     17
16
7
     20
9
     29
     17
     28
34
     11
23
30
     26
     33
18
16
     20
18
30
16
9
25
     15
23
16
     10
     13
      2
18
     22
12
     10
     20
9
     26
36
     35
     24
     20
     17
     26
     33
36
34
9
18
5
     17
     33
18
     17
     22
     15
30
      6
      8
      8
5
27
     31
     17
     22
     17
30
     31
16
      2
36
25
      2
3
36
27
     29
    0
14
      6
     28
     31
1
     13
5
     17
30
     33
5
     17
      6
      4
19
     29
     35
27
25
1
7
32
     29
12
     35
     11
7
      8
     20
     31
     11
     28
     11
     24
      8
34
      8
27
1
     31
     26
      8
18
     35
      8
5
     33
      6
      4
      4
25
     17
     33
25
     11
      2
25
14
     11
    0
16
25
     26
5
19
     31
     13
      4
     13
      8
     26
     10
     13
7
     22
27
9
    0
16
36
25
     33
    0
12
     11
     22
21
19
19
7
25
      6
     24
3
19
32
12
      4
1
7
32
32
      2
21
3
     35
1
34
     13
36
     24
     22
     22
3
16
     22
     35
32
27
     28
16
27
      4
     35
34
      2
3
21
36
     15
9
     17
36
     35
     33
     33
      4
12
     31
12
12
     10
     31
     20
14
     17
     29
      4
     13
     31
21
30
14
21
14
9
     22
27
     24
23
16
     17
7
23
34
19
      6
     17
3
9
     28
36
      6
     20
27
     26
      2
     29
12
16
9
25
23
     15
30
19
    0
18
     24
36
27
27
     31
     35
14
     28
1
     17
     35
30
34
25
     35
     17
     31
      6
     29
7
30
      8
32
25
19
21
     10
23
5
19
12
3
     35
23
     15
34
      2
     26
7
3
     28
19
23
     31
     20
7
      6
     33
     20
23
     29
     15
3
     13
12
19
     22
30
36
      4
1
19
     29
25
     15
     22
36
30
     11
     10
     28
14
1
18
    0
     22
36
19
     17
14
     24
32
     33
18
     33
     24
    0
23
25
     28
7
     31
      6
    0
34
     24
     13
36
     20
14
      8
     10
      2
5
18
     11
     28
     17
9
7
5
     26
23
23
32
