12
25
     20
     20
    0
      2
3
     31
18
     31
     24
14
     10
14
14
27
      2
12
      6
      8
     29
     22
16
     33
     10
     13
12
19
     13
     15
14
     24
     24
      2
     28
     33
7
27
     17
12
25
     31
16
7
     10
     31
    0
     20
18
     20
      6
     11
23
30
    0
     28
27
     20
27
    0
     13
     10
     15
14
25
     24
3
     26
     22
     20
21
32
     17
    0
30
9
     29
     17
     17
27
21
     24
     29
     29
23
      8
30
     11
     28
     28
     20
     29
36
     11
     33
     17
1
     24
27
      2
     35
3
18
5
14
21
     10
     17
     29
34
    0
     15
     26
     11
      8
7
1
27
      2
9
14
     22
     33
12
    0
     35
     31
7
     10
    0
    0
     26
14
32
34
     24
      4
14
32
      8
     11
     24
     11
32
     22
25
23
      8
    0
     31
21
9
16
     22
     24
32
9
32
9
21
7
      4
     15
27
1
     26
12
21
30
    0
     20
      8
14
     15
     28
     24
12
     17
     22
16
     26
18
30
     31
1
16
3
12
5
     35
14
23
25
     28
16
16
      2
     29
     28
     31
21
      6
      4
     24
25
25
     33
32
12
     13
     20
      6
     26
     10
27
1
      4
     24
    0
     15
     17
30
3
16
     17
7
     13
     17
19
      4
     24
     11
     20
1
23
25
1
     24
    0
25
     28
     20
36
     22
3
16
34
25
18
3
     24
     26
     20
14
1
5
      6
     11
5
     24
34
3
     24
5
      8
21
3
14
32
21
23
     11
     26
     24
     11
      8
12
32
     26
     22
     35
     35
      2
14
14
      2
     20
3
      2
    0
     29
     13
     20
16
1
34
18
30
      8
5
     13
     26
14
3
      8
     11
5
    0
3
21
27
    0
     13
7
1
5
14
     24
     24
     29
5
      2
     10
32
      8
      6
12
9
     31
     11
18
     10
9
     15
      6
     11
     31
     31
     26
9
34
7
      6
     33
21
18
27
1
21
7
     35
36
30
      2
     17
      8
     13
     28
     33
      8
23
21
      4
19
32
27
     33
     33
1
21
      8
19
21
     33
     31
     33
     24
      4
     17
5
3
     31
23
3
     20
21
25
12
32
     28
18
     22
5
     31
9
     33
      4
     11
     13
     17
18
25
16
34
    0
19
9
30
36
18
23
     35
     29
25
     26
     28
7
5
      4
     35
14
34
23
1
     15
      4
     26
     28
36
     28
     31
      8
      2
     17
19
     33
21
     28
     35
32
     31
5
     24
5
34
     33
      6
     11
     31
     11
12
27
      4
     22
     15
16
34
19
1
     28
    0
     24
19
     28
21
12
16
     20
      4
      6
     26
      8
23
18
     10
      6
     20
      4
1
36
     13
7
     33
     17
7
      8
      6
18
    0
36
25
      2
     15
      2
32
     20
7
23
     20
18
