      4
25
     29
21
34
      8
     33
36
23
7
34
    0
     29
14
21
     17
32
     29
     10
18
     13
     17
7
9
     13
     15
34
9
     24
25
     31
7
     26
      6
27
30
     33
32
     29
25
      8
     24
      2
     17
      8
27
     17
     35
     20
30
     33
23
32
     24
     33
    0
     26
      6
      6
     33
5
     17
30
     22
21
     10
     15
      2
1
34
     10
3
32
     24
5
30
36
30
9
     31
     29
     28
      8
32
21
14
1
34
     31
     29
     22
     13
36
12
     17
12
     13
16
      2
25
     26
23
21
     24
34
     10
     33
19
     31
     29
     33
27
7
9
     33
25
     33
      4
     10
25
7
      8
     13
     31
    0
      6
      8
7
      2
18
9
32
12
12
     29
23
27
      6
34
     10
      2
     26
23
     22
     10
     26
36
     10
      4
     26
5
     17
     33
      4
     22
     22
3
1
      8
     33
27
16
21
     24
     31
     13
     28
     13
     17
     35
      2
     22
19
     15
14
21
     28
      2
     22
34
     33
      2
9
     20
    0
25
16
     15
14
     10
     31
25
     35
7
14
7
12
34
14
      2
     22
     10
     20
     28
19
9
18
     10
9
     35
18
     33
7
    0
      2
     35
      4
      6
16
     33
      6
      6
9
     24
23
21
     11
3
14
23
     15
27
     28
23
     26
     20
     29
21
     28
     28
     20
     35
      8
25
      6
32
     29
     22
     31
     15
     17
      8
5
14
    0
27
36
     13
     13
     35
     29
32
     17
32
9
      8
     10
     26
16
3
      4
12
    0
5
     35
    0
      8
     10
12
36
36
3
     22
     24
25
     17
18
     10
1
     31
3
     31
23
16
5
34
     35
21
27
19
21
     28
     26
     20
18
19
16
34
     22
    0
12
      8
     22
27
      8
34
     24
21
23
     33
     20
3
     20
34
16
34
14
7
19
36
27
23
     31
      4
25
      2
32
12
     29
19
16
      2
1
      2
16
     10
36
    0
32
     15
     22
16
     13
      8
      2
     10
     31
      4
     10
     29
3
    0
19
     29
7
     35
     10
     22
     28
     24
1
     26
14
     28
      8
     26
3
19
     10
     26
7
      2
     24
12
     20
3
27
     24
     10
5
      8
      4
1
16
      2
23
1
     11
      2
18
    0
     11
    0
    0
     13
     24
14
     29
     17
23
25
5
     20
9
     26
     29
     26
30
27
7
23
     15
      8
14
14
9
34
25
      8
19
36
3
23
      2
     24
     17
7
     13
     13
     17
23
      2
     15
32
     20
     26
     13
30
5
7
16
36
18
9
30
23
     24
23
9
     11
     13
12
     17
12
      6
     13
      8
27
     10
     17
     11
21
     29
     33
    0
27
16
34
     31
     31
3
     20
      8
21
14
16
30
21
16
     17
9
     13
      6
16
7
      2
7
     20
     10
3
