      2
      4
34
25
12
      4
      8
     31
     10
    0
      6
32
30
      8
     28
5
     28
     11
     35
34
      4
18
      8
     28
32
     22
     35
     29
23
1
     24
     24
     17
     13
      8
12
     22
     35
1
     20
     15
    0
34
25
     17
     26
7
    0
9
16
5
     35
     15
34
     17
     31
      4
     11
3
     10
16
     13
     22
     20
16
     33
      6
     29
27
32
     17
     15
30
25
25
     10
      6
19
     22
9
     35
21
23
5
23
      2
     33
14
21
16
     29
     22
36
34
34
7
     22
32
     22
32
     29
3
      2
     35
5
     24
36
     10
     24
    0
     15
     15
18
19
     26
7
     31
     24
     20
9
23
     28
23
     31
1
     17
27
27
7
34
     13
27
18
9
18
      6
      4
25
     35
34
7
    0
     10
    0
     26
     10
     35
14
16
30
      2
     17
16
     22
     33
16
21
14
16
19
     20
    0
     17
36
     22
     11
     33
     22
34
      6
     31
     24
     17
      8
9
    0
     26
     17
25
     35
     10
    0
     35
9
     24
      4
7
32
     10
30
18
      6
32
23
23
27
23
     20
     13
     24
25
14
     17
     24
     35
     24
36
     29
18
21
     26
14
     24
14
21
30
     31
     20
     13
5
27
23
    0
34
     29
16
36
     13
      2
     28
30
      8
     29
     29
     24
9
14
32
16
      8
5
     11
     20
     28
9
19
     31
18
     28
     26
23
34
5
     17
9
      4
36
32
     26
     33
      6
      4
     24
      8
     29
19
7
     15
14
12
     26
      2
16
     17
     33
3
     24
     24
5
     26
25
25
12
     11
     20
     13
     13
16
1
23
     31
     31
     10
25
     35
27
18
14
     15
36
12
1
      2
19
1
7
16
18
14
      4
25
     28
12
     13
      2
25
     31
     11
27
5
     26
      4
16
5
     13
27
1
23
     29
5
7
      8
25
36
7
     35
32
     13
25
     31
     11
     24
36
34
     15
     20
19
9
27
     33
27
1
     17
3
7
     20
30
     11
     15
     24
7
     10
1
      2
      6
9
3
     24
      4
     11
    0
     17
     29
18
      4
      4
      8
23
21
12
     29
    0
25
     28
16
     11
     13
     29
32
12
30
     26
     33
34
    0
     33
9
27
27
      6
1
12
32
      2
     35
     26
     29
12
12
7
     33
7
16
30
      2
     29
18
1
      4
23
9
23
1
9
12
16
16
27
      6
32
     11
     22
     13
9
     20
     35
     20
36
     33
      8
     29
16
     11
36
     20
7
36
32
     26
5
     20
14
19
    0
     35
     13
7
      6
34
     31
12
5
14
      8
18
      6
     13
     13
     24
     22
     10
     11
16
34
      6
16
21
      8
    0
32
18
5
1
    0
     20
12
5
14
     15
27
30
23
      8
9
      6
27
32
1
12
      6
