30
32
16
     29
34
27
      2
     28
30
30
16
14
23
21
     29
18
3
34
16
     35
23
27
     26
32
     11
     26
12
     20
      6
     15
     35
      8
7
32
27
14
     26
7
19
     24
1
      6
32
1
     11
      2
30
     20
9
     22
12
      4
32
     26
23
1
     29
      4
9
16
19
32
7
18
     29
     24
27
14
     26
     35
     10
18
      4
     33
     15
     26
     13
      4
7
36
      4
      8
      2
     20
21
14
      2
    0
14
14
21
19
7
7
      6
23
21
19
     26
     15
18
34
30
     17
19
32
     31
1
34
16
    0
      6
1
     11
1
     22
1
     35
     15
     15
3
14
1
     29
     33
     17
    0
21
5
      4
      4
18
16
     10
12
    0
34
1
     10
25
      4
     29
9
      4
19
      2
3
7
     26
      8
     26
27
27
     26
18
16
23
     24
      8
     24
18
     11
1
     10
     29
27
18
23
     29
     22
7
      4
21
     22
19
7
      2
     31
      6
34
18
19
      2
21
      2
     15
     22
     17
18
25
     20
7
     15
5
25
     24
21
21
     33
     13
     24
     31
     28
25
9
25
3
     33
25
12
30
19
5
     15
      8
9
     10
     29
34
25
3
18
23
12
16
     22
     20
     22
3
16
     20
     10
      2
25
14
    0
16
     13
27
      2
     11
     26
16
     26
     24
     26
14
7
3
     20
     10
     22
7
19
16
36
16
      2
     24
18
21
     28
1
7
32
7
30
     15
36
12
27
25
36
7
     35
     22
     35
21
12
     22
     13
19
7
25
19
14
     20
     26
25
14
14
32
     11
     17
23
36
     15
27
    0
      6
      4
     31
19
12
36
1
      2
25
34
     17
     20
36
3
25
    0
     33
     11
7
27
     13
     33
36
     13
     29
      2
     26
1
     29
      6
     17
18
     24
18
36
7
     28
     33
5
27
27
23
16
16
     22
     15
23
1
32
32
16
     20
     28
     10
14
1
30
30
     24
34
27
     20
16
1
      6
      2
     33
    0
      8
     11
12
      2
23
32
     29
14
     28
     17
7
27
32
1
1
19
     24
     33
     11
1
     35
14
3
23
     29
3
9
7
     33
32
16
9
      8
14
     24
12
     22
21
36
      8
     20
12
     11
     17
     17
     10
1
     31
      8
     31
     29
      6
16
     33
     33
     28
30
     10
16
18
     31
25
12
      4
36
     13
21
      6
     28
     31
7
     26
16
27
3
1
    0
     33
7
     13
     29
1
25
14
18
     22
23
1
     35
21
12
30
     11
     11
23
7
     17
27
32
1
7
     24
14
1
27
27
1
     35
18
     28
     10
     33
34
32
7
32
     15
1
21
     29
21
     29
21
     20
     24
3
34
     31
     13
     20
     35
     24
3
