1
      2
30
     11
32
     28
      2
36
     29
     35
     26
    0
      6
14
     26
     22
      8
     33
      2
21
7
25
     11
     17
     15
      8
     15
32
14
34
     22
     26
     13
14
32
      4
1
34
     33
23
36
      2
12
18
36
     31
     31
14
14
9
     33
5
     15
     26
     28
19
16
     26
     26
      8
19
     13
18
     15
19
     22
16
      8
1
30
     15
3
32
19
19
      2
     13
7
12
     33
16
     35
1
25
      2
     11
34
    0
19
1
3
     17
     35
36
     26
     10
36
25
34
18
16
3
34
    0
5
25
34
     29
     26
1
25
3
25
34
27
7
32
23
     31
16
14
30
     28
      2
30
      2
      8
      2
25
23
     35
1
1
34
     33
     29
     13
18
     20
     35
36
      8
25
     29
      4
     24
5
      6
1
16
      8
     10
     11
     22
     20
     31
     20
16
     22
32
      4
     22
21
16
3
      8
     13
32
12
      8
18
     20
5
     35
25
      2
     22
     11
21
14
23
     10
     11
25
     35
     31
     13
34
     10
     20
      6
25
14
5
     13
    0
     24
      4
19
12
32
30
      4
     33
23
     28
     11
     22
18
     15
12
     26
     22
19
7
     17
     35
34
23
     29
     28
     20
14
32
     17
     22
     24
32
     29
     20
5
     26
18
30
      6
23
27
      2
16
36
16
      8
     26
3
     29
      2
      6
     20
    0
21
      8
     26
      4
      2
     24
12
21
      2
19
3
     17
     20
     20
9
    0
     13
     10
     28
     20
36
     26
27
     26
14
     15
23
16
     24
     33
12
     10
30
19
9
21
     20
30
7
     29
5
     28
     20
32
     10
      4
     33
14
32
    0
16
     24
     20
    0
      6
      8
3
9
     22
32
18
     13
     20
     10
16
     22
     22
34
     11
18
     35
      4
34
     29
19
     22
     24
     10
     28
3
     29
12
32
36
14
     35
21
18
     33
     28
     35
21
     22
      8
32
     15
18
     22
     11
19
18
18
     11
21
    0
     17
5
     17
     33
      6
     28
     28
     17
     29
      2
5
12
    0
      4
      2
34
32
      2
34
     17
23
    0
     26
    0
     15
     10
5
3
16
     24
     29
    0
18
     15
19
1
19
     10
     28
     20
     20
     24
     29
     28
     17
3
34
1
34
14
19
34
18
21
     11
     22
25
14
32
     29
      6
      8
     24
     15
     24
34
5
19
     33
23
     22
18
30
      4
12
27
      8
14
18
     33
     33
      8
7
     15
14
5
     20
     24
     17
12
5
     13
     28
12
21
3
14
34
1
19
      6
32
     24
      8
     10
     28
     15
36
    0
     29
     22
     31
     10
     20
     10
      8
     22
     15
     24
     15
16
     33
    0
      6
34
     35
34
1
16
      6
1
1
    0
     26
36
     17
27
19
      4
23
      2
      6
23
18
36
     17
