      2
     15
     26
16
     31
5
16
     28
      6
     11
34
32
     31
14
    0
25
      8
32
     15
18
18
    0
      8
      8
     33
30
     11
27
19
     33
19
     33
     35
     29
     33
19
5
     33
25
7
     11
     11
     11
     31
14
     22
     13
27
14
     13
18
27
18
3
19
     22
     24
21
     33
3
32
32
18
12
      4
     26
      8
     15
19
      4
27
34
9
30
     10
     20
     26
30
19
23
3
    0
27
     35
3
     20
     29
     10
16
19
     31
     26
     11
19
12
16
7
3
18
18
3
     35
     31
     20
3
      4
3
16
      4
     20
      8
7
16
     31
     17
     11
     35
1
9
     26
     29
     29
14
     15
7
     13
21
36
9
36
     22
     33
    0
     20
1
     35
5
      4
     35
12
32
14
19
9
30
25
     22
27
      8
34
19
     13
23
3
     35
19
     11
30
5
30
     26
     28
23
3
18
3
      6
25
     11
18
      8
     33
     11
     20
3
9
     22
23
     17
      4
    0
32
3
23
     11
23
     15
     13
14
16
     13
27
19
     26
3
9
5
     13
      8
18
     26
9
5
     20
30
16
     29
23
16
     28
14
     33
     35
     13
     15
     15
16
     33
3
3
19
      6
3
25
     10
      6
    0
23
     22
5
     22
3
     22
30
     31
      8
     22
18
     35
30
     13
     10
     20
      2
5
32
32
9
     29
     26
30
3
23
27
     31
     22
19
    0
     13
     29
21
1
     28
     10
     10
     15
     33
7
25
21
     26
16
30
     29
12
      6
     33
19
12
19
5
      6
     29
16
     31
     31
     26
     11
     13
21
7
     26
1
36
      6
     10
19
25
     10
     22
     26
30
30
     17
9
3
     22
12
21
19
18
21
23
      2
     33
36
      4
     22
     31
7
23
     26
     22
     29
36
27
     31
16
     13
3
25
5
     10
      4
19
     35
     29
25
      2
     28
32
25
      4
     11
32
16
7
     24
27
     33
    0
    0
25
     33
16
      4
1
34
      2
7
     24
     28
      8
     11
      6
27
     28
     13
     24
     11
32
      2
    0
     28
18
27
9
34
21
      4
     11
     33
     29
1
16
12
16
9
     13
5
      6
1
      2
     15
23
     31
     22
9
     22
     31
     17
27
      4
      2
     29
18
     28
     20
     17
     15
27
     24
7
     11
     33
18
9
34
27
27
19
19
     31
32
32
1
     15
1
25
    0
30
      6
     33
      8
     13
     11
     15
23
23
     22
     11
     13
9
     33
25
      6
5
     15
     28
9
     13
     17
1
     11
5
      6
14
     15
7
      6
    0
     10
     13
27
     15
3
     33
     26
     17
     26
     28
     10
     33
27
     26
14
34
27
1
21
     15
3
     31
32
18
7
      2
18
     33
     10
34
     20
      4
     10
36
     11
     15
19
23
7
