14
25
      4
     29
     29
     13
     17
34
     20
     20
1
32
19
     13
7
     31
     33
     33
     22
12
     24
     31
     22
      6
    0
16
16
     20
34
30
    0
25
     11
      6
21
32
7
1
      6
18
     20
32
21
7
      4
     28
     31
      4
     22
9
1
     13
1
     35
21
     11
     17
9
     29
    0
23
     11
3
30
27
30
27
34
      2
     26
36
7
36
     17
     17
     10
     24
25
      8
27
     11
     35
     28
27
      4
5
14
7
3
     28
12
14
     15
     10
25
     31
     28
30
25
     20
19
18
     15
34
21
34
7
     33
     15
7
     33
      2
     17
      4
16
18
     31
     33
25
36
12
     17
34
23
     11
     20
27
     26
19
23
     29
9
     15
7
21
      4
     24
     29
25
     20
     29
9
    0
19
      8
16
30
3
7
30
     20
      6
32
      2
5
      2
     28
     10
36
27
     33
27
7
36
      4
12
    0
     22
     24
     11
27
     15
16
3
     10
21
36
     28
23
14
     29
27
     35
9
5
     15
32
25
19
     10
14
      4
      2
     33
     26
     17
     35
32
1
21
      4
27
14
     10
     26
     35
     17
     22
     24
30
25
      8
      4
     13
      4
27
     17
32
     17
     10
    0
     29
19
      6
27
30
     24
     20
3
     10
      6
     20
18
     22
34
25
12
     35
5
     24
19
     24
     17
      2
12
16
     20
32
     11
19
32
5
23
    0
25
34
5
     17
25
32
9
     17
     33
9
7
     17
34
9
7
34
      8
     10
7
9
     11
     13
     20
12
1
      8
     11
      8
21
     15
     26
18
21
     13
9
    0
14
     20
16
18
27
     17
5
14
5
14
34
      2
32
14
34
     11
12
     15
     10
16
     35
21
21
     24
    0
      6
     13
1
9
21
     26
     31
     29
     17
9
     35
36
     11
32
18
32
     10
     10
30
16
3
     17
1
18
36
      6
     22
    0
     31
12
36
21
34
     24
     17
19
23
     11
     10
7
21
     10
18
30
     22
     24
30
3
     17
      8
23
      8
      4
     24
18
     10
30
     15
27
9
27
5
     35
14
      6
     10
1
      2
18
     35
21
14
21
23
12
30
1
5
36
18
25
     33
25
     29
    0
12
23
      4
3
     26
      8
    0
25
    0
30
      4
1
30
    0
     31
27
30
16
23
14
     10
     24
     28
36
34
     24
5
      4
      2
     11
3
      2
32
30
34
     10
     24
     33
5
12
18
     35
     26
1
3
     28
     33
     31
     17
21
     22
21
     26
30
9
14
     10
     33
     20
14
     13
3
32
     22
      6
27
5
16
     10
      2
34
18
36
36
5
     35
     29
     13
3
     17
5
12
    0
      6
9
     22
      2
3
     15
    0
27
1
14
     22
      8
     10
7
19
      6
     26
    0
